     0/499     5.55G   0.07338   0.01953         0   0.09291         9       640     0.176    0.1389   0.04029   0.01219    0.1107   0.01962         0
     1/499     5.81G   0.06479   0.01634         0   0.08113        11       640   0.05691    0.1389   0.01701  0.004312    0.1033   0.01707         0
     2/499     5.81G    0.0599    0.0138         0   0.07369         9       640    0.3501    0.1667     0.129   0.02616    0.1011   0.01508         0
     3/499     5.81G   0.06057   0.01252         0   0.07309         8       640     0.499    0.1667      0.19    0.0724    0.0955   0.01422         0
     4/499     5.81G    0.0585   0.01165         0   0.07015        13       640    0.9902    0.2778    0.3086    0.1078   0.09384   0.01328         0
     5/499     5.81G   0.05665   0.01171         0   0.06836         8       640    0.5697    0.3311    0.3057    0.1073   0.08809   0.01261         0
     6/499     5.81G   0.05206   0.01078         0   0.06284         9       640    0.4908    0.4722    0.4275    0.1295   0.08641   0.01213         0
     7/499     5.81G    0.0467   0.00971         0   0.05641        11       640     0.678    0.4722    0.4873     0.235   0.09261   0.01086         0
     8/499     5.81G   0.04607  0.009282         0   0.05536         7       640    0.7773    0.5817    0.6134    0.2847   0.09553  0.009862         0
     9/499     5.81G    0.0451  0.008551         0   0.05365        11       640    0.8244    0.5278    0.5791    0.1881     0.091  0.009956         0
    10/499     5.81G   0.05256  0.008478         0   0.06104        14       640    0.8256    0.5556    0.6205    0.2975   0.08201   0.01077         0
    11/499     5.81G   0.04336  0.008936         0    0.0523         7       640     0.642      0.75    0.6902    0.2945   0.07908   0.01041         0
    12/499     5.81G    0.0376  0.008335         0   0.04594         7       640     0.857    0.6658    0.7262    0.4151   0.07827   0.01021         0
    13/499     5.81G   0.04124  0.008576         0   0.04982         8       640    0.6756    0.6389    0.5812    0.3034   0.08219  0.009555         0
    14/499     5.81G   0.03901  0.008287         0    0.0473         8       640    0.6547    0.6389    0.6314     0.278   0.07623   0.01025         0
    15/499     5.81G   0.03768  0.007779         0   0.04546        13       640    0.9257    0.7222    0.8135    0.4738   0.07449   0.01014         0
    16/499     5.81G   0.03827   0.00743         0    0.0457        11       640    0.8709    0.7497    0.7954    0.3121   0.07433   0.01039         0
    17/499     5.81G    0.0355  0.007822         0   0.04333        12       640     0.799    0.5521    0.6546    0.2106   0.07687   0.01003         0
    18/499     5.81G   0.04157  0.007465         0   0.04903         8       640    0.7316    0.8327     0.757     0.351   0.07153   0.01059         0
    19/499     5.81G   0.03117   0.00682         0   0.03799         4       640    0.8528    0.8044    0.7963    0.4307   0.07166   0.01028         0
    20/499     5.81G   0.03072  0.006442         0   0.03716         8       640    0.8437    0.7498     0.809    0.4391   0.06945    0.0103         0
    21/499     5.81G   0.03226  0.007296         0   0.03955        10       640    0.7924    0.6389    0.7276    0.3417   0.07094   0.01031         0
    22/499     5.81G   0.02706  0.006861         0   0.03392         7       640    0.9623    0.7222    0.8472    0.4596    0.0747  0.009535         0
    23/499     5.81G   0.02977  0.006824         0    0.0366        14       640    0.8964    0.7208    0.8035    0.3732   0.07688  0.009334         0
    24/499     5.81G   0.03494   0.00686         0    0.0418        11       640    0.7104    0.7495    0.6652    0.2752   0.08228  0.008547         0
    25/499     5.81G    0.0332  0.006344         0   0.03955         9       640    0.9299    0.7778    0.7976    0.3979   0.08285  0.008849         0
    26/499     5.81G   0.03789   0.00623         0   0.04412        12       640    0.8965    0.7217    0.7505    0.4638   0.07999  0.009119         0
    27/499     5.81G   0.02835    0.0063         0   0.03465        11       640    0.9354    0.8049    0.8365    0.4949   0.07502  0.009353         0
    28/499     5.81G   0.03051  0.006259         0   0.03677        15       640    0.8529    0.8051    0.8111     0.475   0.07513  0.008963         0
    29/499     5.81G   0.03299   0.00609         0   0.03908        11       640    0.8558    0.8333     0.852    0.4433   0.07796  0.008541         0
    30/499     5.81G   0.03493  0.006585         0   0.04151        17       640    0.8566    0.8333    0.8215    0.4662   0.07547  0.008703         0
    31/499     5.81G   0.03019  0.005628         0   0.03582         7       640    0.8823    0.8333    0.8277    0.3989   0.07852  0.008463         0
    32/499     5.81G   0.03297  0.005838         0   0.03881         8       640    0.9083    0.8333    0.8321    0.4371    0.0788  0.008367         0
    33/499     5.81G   0.02594  0.005929         0   0.03187        15       640    0.9031    0.7778    0.8249    0.5359   0.07599  0.008538         0
    34/499     5.81G   0.03092  0.005825         0   0.03674        10       640    0.9352    0.8056     0.873    0.5136   0.07566  0.008508         0
    35/499     5.81G   0.02684  0.005235         0   0.03208         8       640    0.6451    0.5556    0.5665    0.1609    0.0824  0.008783         0
    36/499     5.81G    0.0289  0.005579         0   0.03448         6       640      0.96    0.6663    0.7411    0.3804   0.07923  0.009127         0
    37/499     5.81G   0.02597  0.005256         0   0.03122         7       640    0.8483    0.7778    0.8072    0.4822   0.07671   0.00855         0
    38/499     5.81G   0.02681  0.005729         0   0.03254        11       640    0.8704      0.75    0.8023    0.5078   0.07233   0.00884         0
    39/499     5.81G   0.02902  0.004947         0   0.03396         8       640    0.9374    0.8333    0.8428    0.5527   0.07137  0.009041         0
    40/499     5.81G   0.02114    0.0057         0   0.02684         7       640    0.9642      0.75    0.7999     0.449   0.07332  0.008862         0
    41/499     5.81G   0.02576  0.005295         0   0.03106        12       640    0.9993    0.8333    0.8662    0.5594    0.0729  0.008666         0
    42/499     5.81G   0.02648   0.00521         0   0.03169        10       640    0.9394    0.8611    0.8767    0.5732   0.07083  0.008938         0
    43/499     5.81G   0.03777  0.005445         0   0.04322         9       640    0.9355    0.8054    0.8458    0.5338   0.07279  0.008439         0
    44/499     5.81G   0.02464   0.00488         0   0.02952         9       640         1    0.7776    0.8243    0.5388   0.07861  0.007825         0
    45/499     5.81G   0.02684  0.005097         0   0.03194        14       640    0.9375    0.8331    0.8531    0.5603   0.07688  0.008026         0
    46/499     5.81G   0.02873  0.005095         0   0.03382         5       640     0.931    0.7497     0.852    0.6302   0.07674  0.007767         0
    47/499     5.81G   0.02936  0.004858         0   0.03422        11       640    0.8857    0.8606     0.867     0.629   0.07459  0.007663         0
    48/499     5.81G   0.02293  0.004571         0    0.0275        11       640    0.9999    0.8333     0.874    0.6913   0.07065   0.00775         0
    49/499     5.81G   0.02141  0.004285         0   0.02569        10       640         1    0.8333    0.8697    0.5793   0.06898  0.008075         0
    50/499     5.81G   0.02348  0.004625         0   0.02811         8       640    0.9998    0.8333    0.8786    0.5584    0.0703  0.008223         0
    51/499     5.81G   0.02279  0.004427         0   0.02722        12       640    0.8998      0.75    0.8432    0.4912    0.0768  0.009287         0
    52/499     5.81G   0.02355  0.004215         0   0.02776         8       640    0.9331    0.7778    0.8263    0.5031   0.07901  0.008387         0
    53/499     5.81G   0.03045  0.004252         0    0.0347         8       640    0.9997    0.8333    0.8722    0.5448   0.07703  0.007547         0
    54/499     5.81G    0.0265  0.004308         0   0.03081         8       640    0.9687    0.8609    0.8993    0.6079   0.07346  0.007424         0
    55/499     5.81G   0.02328  0.004151         0   0.02743         6       640    0.9697    0.8887     0.897     0.663   0.07091  0.007632         0
    56/499     5.81G   0.02832  0.004217         0   0.03253         8       640    0.9392    0.8611    0.8735     0.677   0.07186  0.007658         0
    57/499     5.81G   0.02123  0.004171         0   0.02541         4       640         1    0.8333    0.8821    0.6649   0.06943  0.008008         0
    58/499     5.81G   0.02971  0.004032         0   0.03375         5       640     0.941    0.8889     0.886    0.6266   0.06873  0.008055         0
    59/499     5.81G   0.02263  0.004046         0   0.02668        11       640    0.9686    0.8611     0.888    0.5795   0.07036  0.008026         0
    60/499     5.81G    0.0255  0.003922         0   0.02942        10       640    0.9411    0.8889    0.8893    0.6102   0.07011  0.007899         0
    61/499     5.81G   0.02837  0.004261         0   0.03263        20       640    0.9392    0.8611    0.8988     0.676   0.06772  0.007857         0
    62/499     5.81G   0.02516  0.003947         0   0.02911        15       640    0.9384    0.8611    0.9021    0.6755   0.06769   0.00763         0
    63/499     5.81G   0.02078  0.003956         0   0.02474         8       640    0.9411    0.8889    0.9046    0.6892   0.06658  0.007647         0
    64/499     5.81G   0.02379  0.003641         0   0.02743         5       640    0.9406    0.8889    0.9073    0.6761   0.06646  0.007672         0
    65/499     5.81G   0.01677  0.003633         0   0.02041         9       640    0.9696    0.8889     0.912    0.6596   0.06639  0.007577         0
    66/499     5.81G    0.0242   0.00357         0   0.02777        13       640         1    0.8889    0.9144    0.6742   0.06477  0.007649         0
    67/499     5.81G   0.02274  0.003375         0   0.02612         9       640         1    0.8889     0.912    0.6751   0.06432  0.007648         0
    68/499     5.81G     0.023  0.003144         0   0.02614         9       640    0.9695    0.8889    0.9113    0.6546   0.06533  0.007699         0
    69/499     5.81G   0.02237  0.003746         0   0.02611        11       640         1    0.8333    0.9036    0.6852   0.06302   0.00808         0
    70/499     5.81G   0.02356  0.003403         0   0.02696        11       640    0.9697    0.8887    0.8824    0.7057   0.06397  0.007944         0
    71/499     5.81G   0.02616  0.003891         0   0.03005        12       640    0.9412    0.8885    0.8965    0.7072   0.06457  0.007895         0
    72/499     5.81G   0.03128  0.004119         0    0.0354        13       640         1    0.8886    0.8991    0.6985   0.06527  0.007773         0
    73/499     5.81G   0.01726  0.003605         0   0.02086         5       640    0.9696    0.8889    0.8967    0.6893   0.06307  0.008045         0
    74/499     5.81G   0.02138  0.003551         0   0.02493         8       640    0.9697    0.8889     0.885    0.6649   0.06232  0.008148         0
    75/499     5.81G    0.0223  0.003321         0   0.02562         7       640         1    0.8883    0.8985    0.6794   0.06243  0.008098         0
    76/499     5.81G   0.02164  0.003748         0   0.02539        14       640    0.9695    0.8889     0.905    0.6314   0.06282  0.008125         0
    77/499     5.81G   0.02138  0.003869         0   0.02525        15       640    0.9998    0.8889    0.9108    0.6597   0.06249  0.008029         0
    78/499     5.81G   0.02663  0.003541         0   0.03017         6       640         1    0.8887    0.9115    0.6971   0.06248  0.007803         0
    79/499     5.81G    0.0249  0.003463         0   0.02836        11       640         1    0.8888    0.9108    0.6928   0.06278  0.007685         0
    80/499     5.81G   0.02835  0.003357         0   0.03171        14       640    0.9412    0.8889     0.908     0.656   0.06446  0.007528         0
    81/499     5.81G   0.02132   0.00345         0   0.02477         8       640    0.9697    0.8889     0.909     0.695   0.06531   0.00743         0
    82/499     5.81G   0.02034  0.003272         0   0.02361         7       640    0.9166    0.9164     0.909    0.6899    0.0653  0.007461         0
    83/499     5.81G   0.01967  0.003078         0   0.02274        10       640    0.9706    0.9166    0.9131    0.6575   0.06572  0.007419         0
    84/499     5.81G   0.01721  0.003344         0   0.02055        15       640         1    0.8889    0.9129    0.6789   0.06521  0.007419         0
    85/499     5.81G   0.03023    0.0029         0   0.03313        11       640    0.9705    0.9167    0.9146    0.6898   0.06552   0.00744         0
    86/499     5.81G    0.0138  0.003652         0   0.01745        11       640         1    0.9166    0.9155    0.6899   0.06478  0.007261         0
    87/499     5.81G   0.01875   0.00319         0   0.02194        14       640         1    0.9166    0.9156    0.6829    0.0639  0.007272         0
    88/499     5.81G   0.02602  0.003438         0   0.02946         6       640         1    0.9167    0.9157     0.648   0.06436  0.007393         0
    89/499     5.81G   0.02832  0.003195         0   0.03151        10       640         1    0.9167    0.9157    0.6884    0.0632  0.007526         0
    90/499     5.81G   0.02042  0.002954         0   0.02337        10       640         1    0.9166    0.9157    0.7259    0.0636  0.007465         0
    91/499     5.81G   0.02281  0.003411         0   0.02622         8       640    0.9703    0.9167    0.9148    0.7003   0.06301  0.007368         0
    92/499     5.81G   0.02585  0.003215         0   0.02907         8       640    0.9705    0.9167    0.9148     0.706   0.06306  0.007527         0
    93/499     5.81G   0.03098  0.003043         0   0.03403         9       640    0.9706    0.9167    0.9149    0.6817   0.06319  0.007477         0
    94/499     5.81G   0.02224  0.003152         0   0.02539        12       640         1    0.8889    0.9119    0.7121   0.06289  0.007397         0
    95/499     5.81G   0.02227  0.003116         0   0.02539        11       640    0.9999    0.8889    0.9127    0.6977   0.06338  0.007225         0
    96/499     5.81G   0.01277  0.002864         0   0.01564         6       640         1    0.8889    0.9129    0.7126   0.06338  0.007243         0
    97/499     5.81G   0.01802  0.003067         0   0.02108        11       640    0.9999    0.8889    0.8863    0.6728    0.0648  0.007335         0
    98/499     5.81G   0.01738  0.003054         0   0.02043        14       640         1    0.8889    0.8861    0.6783   0.06454  0.007306         0
    99/499     5.81G   0.02314  0.003008         0   0.02615        14       640    0.9999    0.8889    0.8861    0.6366   0.06574  0.007368         0
   100/499     5.81G   0.02188  0.003026         0   0.02491         9       640    0.9689    0.8889    0.8855    0.6794   0.06456  0.007607         0
   101/499     5.81G   0.02041  0.002857         0   0.02327         9       640    0.9696    0.8889    0.8836     0.679   0.06373   0.00762         0
   102/499     5.81G   0.02588  0.002943         0   0.02883        12       640    0.9697    0.8888    0.8847    0.6999   0.06273  0.007668         0
   103/499     5.81G   0.02345  0.002911         0   0.02636        11       640    0.9697    0.8888    0.8848    0.7022   0.06232  0.007638         0
   104/499     5.81G   0.01626  0.002809         0   0.01907         8       640    0.9696    0.8889    0.8838    0.6912   0.06286  0.007559         0
   105/499     5.81G   0.01938  0.002849         0   0.02223         6       640    0.9411    0.8889    0.8833    0.6942   0.06328  0.007353         0
   106/499     5.81G    0.0128  0.002675         0   0.01548         7       640    0.9983    0.8889    0.9133    0.7118   0.06417  0.007069         0
   107/499     5.81G   0.02305  0.002853         0    0.0259         5       640    0.9429    0.9166    0.9126    0.7293   0.06457  0.007207         0
   108/499     5.81G   0.01913  0.003078         0   0.02221         6       640    0.9706    0.9164    0.9141    0.7178   0.06564  0.007033         0
   109/499     5.81G   0.01821  0.002852         0   0.02106        10       640    0.9706    0.9166    0.9132    0.6916   0.06662  0.007087         0
   110/499     5.81G   0.01739  0.003107         0    0.0205        12       640    0.9999    0.9167    0.9157    0.7113   0.06565  0.006957         0
   111/499     5.81G   0.01179  0.003118         0   0.01491        12       640    0.9697    0.8889    0.8835    0.7062     0.066  0.006802         0
   112/499     5.81G      0.03  0.002984         0   0.03298        13       640    0.9697    0.8889    0.8846    0.7196   0.06599  0.006851         0
   113/499     5.81G   0.02247  0.002848         0   0.02532        14       640    0.9999    0.8889    0.8865    0.6948   0.06643  0.007264         0
   114/499     5.81G   0.02086  0.002914         0   0.02377         7       640    0.9375    0.8329     0.884    0.6625   0.06496  0.007977         0
   115/499     5.81G    0.0182  0.003213         0   0.02141         7       640    0.9394     0.861     0.891    0.6618   0.06365  0.007803         0
   116/499     5.81G   0.02123  0.003169         0    0.0244         9       640         1    0.8609    0.8947    0.6682   0.06319  0.007474         0
   117/499     5.81G    0.0199  0.003261         0   0.02316         7       640    0.9999    0.8611    0.9132    0.7045   0.06367   0.00708         0
   118/499     5.81G   0.01996  0.003093         0   0.02305        12       640         1    0.8889     0.897    0.7014   0.06397  0.007279         0
   119/499     5.81G   0.02941  0.003054         0   0.03246         7       640    0.9999    0.8889    0.8992    0.7013   0.06383  0.007248         0
   120/499     5.81G   0.01835  0.003106         0   0.02146        15       640         1    0.8889    0.8857    0.6817   0.06356  0.007326         0
   121/499     5.81G   0.02031  0.002856         0   0.02317         8       640    0.9999    0.8889    0.8857    0.6692   0.06279  0.007559         0
   122/499     5.81G   0.02106  0.002968         0   0.02402        19       640         1    0.8889     0.886    0.6868   0.06301  0.007301         0
   123/499     5.81G    0.0135  0.002974         0   0.01648        11       640    0.9706    0.9166    0.9149    0.6974   0.06282  0.007349         0
   124/499     5.81G   0.01791  0.002722         0   0.02063         6       640         1    0.8889    0.9142    0.7216   0.06234  0.007426         0
   125/499     5.81G   0.02321   0.00271         0   0.02592        13       640         1    0.8889    0.9142    0.7197   0.06211  0.007551         0
   126/499     5.81G   0.01892  0.002883         0    0.0218        21       640         1    0.9166    0.9161    0.7038   0.06223  0.007551         0
   127/499     5.81G   0.01884   0.00275         0   0.02159        13       640         1    0.9166    0.9161    0.7039   0.06221  0.007536         0
   128/499     5.81G   0.02033  0.002824         0   0.02316        16       640    0.9706    0.9166    0.9154    0.6739   0.06362  0.007581         0
   129/499     5.81G   0.01623   0.00283         0   0.01907         7       640    0.9705    0.9167    0.9153    0.7189   0.06277   0.00734         0
   130/499     5.81G   0.01871  0.002595         0   0.02131        11       640    0.9706    0.9167     0.915    0.7353   0.06302  0.007157         0
   131/499     5.81G   0.01874  0.002675         0   0.02142         7       640    0.9999    0.9167     0.916    0.7102   0.06223  0.007228         0
   132/499     5.81G   0.01842  0.002626         0   0.02104        13       640         1    0.9166    0.9159    0.7101   0.06197  0.007328         0
   133/499     5.81G   0.02053  0.002609         0   0.02314         8       640    0.9705    0.9167    0.9136     0.736   0.06234   0.00736         0
   134/499     5.81G   0.01616  0.002619         0   0.01878        12       640    0.9706    0.9167    0.9137    0.7287   0.06262  0.007376         0
   135/499     5.81G   0.01198  0.002706         0   0.01469        10       640    0.9706    0.9167    0.9146    0.7353   0.06218  0.007395         0
   136/499     5.81G   0.02131  0.002814         0   0.02412        13       640    0.9998    0.9167    0.9162    0.7252   0.06219  0.007436         0
   137/499     5.81G   0.01817  0.002664         0   0.02083        11       640         1    0.9167    0.9165     0.742   0.06118  0.007383         0
   138/499     5.81G    0.0196  0.002732         0   0.02233        14       640         1    0.9166    0.9164    0.7084   0.06166  0.007501         0
   139/499     5.81G   0.02075  0.002651         0    0.0234        10       640         1    0.9167    0.9165    0.7129   0.06179  0.007569         0
   140/499     5.81G   0.01696  0.002371         0   0.01934        13       640         1    0.9167    0.9165    0.7254   0.06161  0.007468         0
   141/499     5.81G   0.01617  0.002711         0   0.01888         7       640         1    0.9167    0.9166    0.7273   0.06088  0.007564         0
   142/499     5.81G   0.01706   0.00262         0   0.01968         9       640         1    0.9166    0.9168     0.726   0.06065  0.007624         0
   143/499     5.81G   0.01802  0.002622         0   0.02064        12       640         1    0.9166    0.9167    0.7227   0.06041  0.007658         0
   144/499     5.81G   0.01913  0.002496         0   0.02163        11       640    0.9999    0.9167    0.9167    0.7323    0.0604  0.007709         0
   145/499     5.81G   0.01625  0.002667         0   0.01892         9       640         1    0.9167    0.9165    0.7202   0.06134  0.007726         0
   146/499     5.81G    0.0239  0.002681         0   0.02659        19       640         1    0.9167    0.9164    0.7262   0.06158  0.007736         0
   147/499     5.81G   0.02103   0.00269         0   0.02372         8       640         1    0.9166    0.9165    0.7164    0.0623  0.007737         0
   148/499     5.81G   0.01903  0.002533         0   0.02156        11       640    0.9705    0.9167    0.9156    0.7181   0.06149  0.007791         0
   149/499     5.81G   0.02009  0.002926         0   0.02302        12       640    0.9706    0.9166    0.9158    0.7126   0.06114  0.007887         0
   150/499     5.81G   0.01622   0.00252         0   0.01874        10       640         1    0.8889    0.9142    0.7089   0.05973  0.007898         0
   151/499     5.81G   0.01964  0.002599         0   0.02224         9       640         1    0.8889    0.9135    0.7146   0.05947  0.007815         0
   152/499     5.81G   0.01791  0.002463         0   0.02038        19       640         1    0.8889    0.9141    0.7138   0.05929   0.00782         0
   153/499     5.81G   0.01758   0.00252         0    0.0201         7       640         1    0.8889    0.9131    0.6874   0.05983  0.007891         0
   154/499     5.81G   0.01336  0.002409         0   0.01577        13       640         1    0.8889    0.9146    0.7089   0.05947  0.007776         0
   155/499     5.81G   0.01716  0.002635         0    0.0198        17       640         1    0.8889    0.9146    0.7048   0.05988  0.007711         0
   156/499     5.81G   0.02255   0.00242         0   0.02497        13       640         1    0.8889    0.9148    0.7242   0.05915  0.007767         0
   157/499     5.81G   0.01613  0.002601         0   0.01873        11       640         1    0.9166    0.9166    0.7362   0.05874  0.007809         0
   158/499     5.81G   0.01816  0.002858         0   0.02102         7       640         1    0.9167    0.9167    0.7225   0.05903  0.007794         0
   159/499     5.81G   0.01497  0.002517         0   0.01749        10       640         1    0.9167    0.9168    0.7149   0.05923  0.007742         0
   160/499     5.81G   0.01079  0.002549         0   0.01334        15       640         1    0.9167    0.9168    0.7166   0.05963  0.007803         0
   161/499     5.81G   0.02074  0.002454         0   0.02319        15       640         1    0.9166    0.9164    0.7126   0.05877  0.007803         0
   162/499     5.81G   0.02107  0.002561         0   0.02364         9       640         1    0.9166    0.9163    0.7085   0.05912  0.007742         0
   163/499     5.81G   0.01761  0.002505         0   0.02012         6       640         1    0.8889    0.9147    0.7154   0.05948   0.00764         0
   164/499     5.81G   0.01275  0.002496         0   0.01525        11       640    0.9706    0.9166    0.9159     0.716   0.06034  0.007505         0
   165/499     5.81G   0.01648   0.00225         0   0.01873         8       640    0.9705    0.9167    0.9157    0.7141   0.06041    0.0075         0
   166/499     5.81G   0.02567  0.002668         0   0.02834         7       640    0.9999    0.8889    0.9147    0.7306   0.06017  0.007358         0
   167/499     5.81G   0.01291  0.002719         0   0.01563        13       640    0.9706    0.9166    0.9155     0.725   0.06097  0.007274         0
   168/499     5.81G   0.01578     0.003         0   0.01878        21       640         1    0.8889    0.9193    0.7103   0.06265  0.007233         0
   169/499     5.81G   0.01476  0.002441         0    0.0172         9       640         1    0.7499    0.7567     0.595   0.06915  0.008823         0
   170/499     5.81G   0.02053  0.002669         0   0.02319        12       640    0.9999    0.7222    0.7451    0.5874   0.06916  0.008753         0
   171/499     5.81G   0.02031  0.002704         0   0.02301        11       640    0.9999      0.75      0.75    0.6055   0.06682  0.009382         0
   172/499     5.81G   0.01667  0.002649         0   0.01932        10       640         1    0.8055    0.8631    0.6712    0.0634  0.008131         0
   173/499     5.81G   0.02101  0.002661         0   0.02367        10       640         1    0.8889    0.9139    0.6718   0.06237  0.007602         0
   174/499     5.81G   0.01159  0.002683         0   0.01428        17       640    0.9704    0.9167    0.9157    0.6947   0.06085  0.007886         0
   175/499     5.81G   0.01376  0.002727         0   0.01649         7       640         1    0.8889    0.9151    0.6908    0.0602    0.0081         0
   176/499     5.81G   0.02739  0.002546         0   0.02994        13       640         1    0.8889    0.9144    0.6903   0.05907  0.008235         0
   177/499     5.81G   0.01793  0.002887         0   0.02082        10       640    0.9999    0.8889    0.9153     0.697   0.05863  0.008252         0
   178/499     5.81G    0.0128  0.002752         0   0.01555        13       640         1    0.8889    0.9152    0.7066   0.05801  0.008205         0
   179/499     5.81G   0.01266   0.00262         0   0.01528         8       640    0.9428    0.9165    0.9146    0.7086   0.05819  0.008251         0
   180/499     5.81G   0.02048  0.002511         0   0.02299         8       640    0.9999    0.8611    0.9124    0.7003   0.05844  0.008285         0
   181/499     5.81G   0.01269  0.002549         0   0.01524        17       640         1    0.8889     0.907    0.6977   0.05814  0.008382         0
   182/499     5.81G   0.02182  0.002605         0   0.02443         9       640         1    0.8889    0.9038    0.7197   0.05797  0.008288         0
   183/499     5.81G   0.01105   0.00259         0   0.01364        15       640         1    0.8889    0.9057    0.7024   0.05837  0.008289         0
   184/499     5.81G   0.02791  0.002603         0   0.03051        10       640         1    0.8889    0.9038    0.7052   0.05852  0.008445         0
   185/499     5.81G   0.01292  0.002497         0   0.01542         7       640         1    0.8889    0.9017    0.7115   0.05784  0.008511         0
   186/499     5.81G   0.01628  0.002529         0   0.01881        10       640         1    0.8889    0.9058    0.7283   0.05802  0.008346         0
   187/499     5.81G   0.01668  0.002162         0   0.01884         6       640         1    0.8889    0.9097    0.7233   0.05786  0.008301         0
   188/499     5.81G   0.01991  0.002275         0   0.02219         8       640    0.9999    0.8889    0.9103    0.7278   0.05814  0.008312         0
   189/499     5.81G   0.01876  0.002243         0     0.021         6       640         1    0.8889    0.9116    0.7349   0.05847  0.007949         0
   190/499     5.81G   0.01423  0.002453         0   0.01668         9       640         1    0.8889     0.912    0.7285   0.05969  0.007779         0
   191/499     5.81G   0.01677  0.002347         0   0.01911        10       640         1    0.8889    0.9146    0.7275   0.06004  0.007713         0
   192/499     5.81G    0.0147  0.002334         0   0.01703        10       640         1    0.8889    0.9143    0.7165   0.06013  0.007768         0
   193/499     5.81G   0.01613  0.002682         0   0.01881        11       640         1    0.8889    0.9135    0.7164   0.06049  0.007932         0
   194/499     5.81G   0.01464  0.002463         0   0.01711        14       640         1    0.8889    0.9132    0.7207   0.06043  0.007913         0
   195/499     5.81G   0.01036  0.002193         0   0.01255         5       640         1    0.8889    0.9133    0.7256   0.06086  0.007873         0
   196/499     5.81G   0.02392  0.002319         0   0.02624        10       640         1    0.8888    0.9119     0.708    0.0607  0.007736         0
   197/499     5.81G   0.01526  0.002419         0   0.01768        10       640         1    0.8889    0.9127     0.716   0.06026  0.007683         0
   198/499     5.81G  0.008418  0.002292         0   0.01071         7       640    0.9697    0.8889    0.9139    0.7219   0.05953   0.00783         0
   199/499     5.81G    0.0076  0.002274         0  0.009874         7       640         1    0.8888    0.9139    0.7191   0.05887  0.007889         0
   200/499     5.81G   0.01012  0.002416         0   0.01253        10       640    0.9999    0.8889    0.9146    0.7028   0.05876  0.008056         0
   201/499     5.81G   0.01051  0.002256         0   0.01276         9       640    0.9697    0.8889     0.914    0.7087    0.0586   0.00828         0
   202/499     5.81G   0.01843  0.002194         0   0.02062        12       640    0.9695    0.8889    0.9073    0.7156   0.05858  0.008377         0
   203/499     5.81G   0.02252  0.002349         0   0.02487        18       640    0.9697    0.8886    0.9093    0.7145   0.05884  0.008342         0
   204/499     5.81G    0.0221  0.002282         0   0.02438        13       640    0.9692    0.8889    0.9078    0.7141    0.0589  0.008355         0
   205/499     5.81G   0.01718  0.002365         0   0.01954        10       640         1    0.8889    0.9106    0.7113   0.05833  0.008448         0
   206/499     5.81G   0.01146  0.002253         0   0.01372         5       640         1    0.8889    0.9136    0.7156   0.05784  0.008587         0
   207/499     5.81G   0.01395  0.002113         0   0.01606        16       640         1    0.8889       0.9    0.7246   0.05768  0.008591         0
   208/499     5.81G   0.01162   0.00241         0   0.01403        11       640    0.9706    0.9167    0.9165    0.7182    0.0574  0.008525         0
   209/499     5.81G   0.02315   0.00229         0   0.02544         9       640    0.9705    0.9167    0.9164    0.7315   0.05699  0.008615         0
   210/499     5.81G   0.01447  0.002244         0   0.01671         8       640    0.9706    0.9165    0.9166    0.7273   0.05671  0.008779         0
   211/499     5.81G   0.01817  0.002193         0   0.02037         5       640    0.9706    0.9167    0.9168     0.711    0.0567  0.008911         0
   212/499     5.81G   0.02055  0.002351         0    0.0229         9       640    0.9705    0.9167    0.9164    0.7214   0.05684  0.008969         0
   213/499     5.81G   0.01442  0.002328         0   0.01675        15       640    0.9706    0.9165    0.9163    0.7149   0.05678  0.009004         0
   214/499     5.81G   0.01342  0.002312         0   0.01573         8       640    0.9705    0.9167    0.9161    0.7144   0.05618  0.008841         0
   215/499     5.81G    0.0224  0.002341         0   0.02474        10       640    0.9706    0.9165    0.9158    0.7277   0.05604  0.008699         0
   216/499     5.81G   0.01634  0.002444         0   0.01878         9       640         1    0.8889    0.9158     0.731    0.0565  0.008763         0
   217/499     5.81G   0.01372  0.002319         0   0.01604        10       640         1    0.8889    0.9159    0.7296   0.05634  0.008808         0
   218/499     5.81G   0.01796  0.002202         0   0.02016        10       640         1    0.8889    0.9154    0.7301   0.05675  0.008781         0
   219/499     5.81G   0.01608  0.002261         0   0.01834        15       640         1    0.8889    0.9154    0.7341   0.05669  0.008666         0
   220/499     5.81G   0.02046  0.002279         0   0.02274         7       640         1    0.8889    0.9154    0.7314    0.0566  0.008632         0
   221/499     5.81G   0.01802  0.002254         0   0.02028        18       640    0.9697    0.8888    0.9145     0.735   0.05633   0.00852         0
   222/499     5.81G   0.01264  0.002233         0   0.01488         9       640    0.9696    0.8889    0.9091    0.7329   0.05656  0.008482         0
   223/499     5.81G   0.01171  0.001987         0    0.0137         7       640    0.9696    0.8889    0.9119    0.7442   0.05636  0.008409         0
   224/499     5.81G   0.01601  0.002205         0   0.01822        12       640    0.9696    0.8889    0.9124    0.7418   0.05695  0.008425         0
   225/499     5.81G   0.02045    0.0021         0   0.02255         8       640         1    0.8889    0.9098    0.7406   0.05672  0.008491         0
   226/499     5.81G   0.01619  0.002173         0   0.01836         9       640         1    0.8889    0.9083    0.7313   0.05702  0.008451         0
   227/499     5.81G   0.01967  0.002298         0   0.02197        10       640    0.9999    0.8889     0.912    0.7362   0.05705  0.008411         0
   228/499     5.81G   0.01553  0.002253         0   0.01779        12       640    0.9999    0.8889    0.9113    0.7381   0.05723  0.008421         0
   229/499     5.81G   0.01969  0.002287         0   0.02198        14       640         1    0.8889    0.9072    0.7271   0.05737   0.00848         0
   230/499     5.81G   0.02374  0.002054         0   0.02579        15       640         1    0.8889    0.8879    0.7063   0.05753  0.008743         0
   231/499     5.81G   0.01997  0.002609         0   0.02258        15       640    0.9999    0.8611     0.885    0.7186   0.05937  0.007992         0
   232/499     5.81G   0.01915  0.002492         0   0.02164        16       640         1    0.8055     0.814     0.644   0.06633  0.008349         0
   233/499     5.81G   0.01749   0.00272         0   0.02021        18       640    0.9667    0.8055    0.8124    0.6431   0.06739  0.007904         0
   234/499     5.81G   0.01708  0.002581         0   0.01966        14       640    0.9394     0.861    0.8624    0.6759   0.06597  0.007465         0
   235/499     5.81G    0.0132  0.002821         0   0.01602        18       640         1    0.8611    0.8821    0.6974   0.06468  0.007341         0
   236/499     5.81G   0.01775  0.002877         0   0.02063         8       640    0.9999    0.8889    0.9051    0.7092   0.06503   0.00711         0
   237/499     5.81G   0.01908  0.002805         0   0.02188         8       640    0.9697    0.8889    0.9206    0.7041   0.06634  0.007152         0
   238/499     5.81G   0.02475  0.003052         0    0.0278         8       640    0.9621    0.7222    0.7874     0.572   0.06953  0.009219         0
   239/499     5.81G   0.01916  0.003772         0   0.02293         9       640    0.9629    0.7222    0.7848    0.5686    0.0686   0.00862         0
   240/499     5.81G   0.02367  0.003574         0   0.02724         9       640    0.9624    0.7222    0.7801    0.5909   0.06623  0.008646         0
   241/499     5.81G   0.02166  0.004066         0   0.02573        13       640   0.03781    0.1389   0.03589   0.02454   0.09846   0.01353         0
   242/499     5.81G   0.03341   0.00633         0   0.03975         8       640 0.0008707   0.05556 7.824e-05 7.824e-06    0.1151   0.03529         0
   243/499     5.81G   0.04025  0.005531         0   0.04578        10       640  0.001018   0.05556 6.613e-05 1.181e-05    0.1188   0.04252         0
   244/499     5.81G   0.03522  0.005681         0    0.0409        13       640         0         0         0         0     0.134   0.03238         0
   245/499     5.81G   0.02469  0.005224         0   0.02992        12       640    0.9985   0.02778   0.02526   0.02006    0.1264   0.02247         0
   246/499     5.81G   0.02738  0.004873         0   0.03226         8       640    0.9999   0.02778   0.02555   0.01763    0.1194   0.01745         0
   247/499     5.81G   0.03422  0.004855         0   0.03908         7       640    0.9999   0.05556   0.05653   0.04008    0.1079   0.01693         0
   248/499     5.81G   0.03104   0.00512         0   0.03616        13       640    0.6108    0.3056    0.2737    0.1907   0.08767   0.01539         0
   249/499     5.81G   0.02416  0.005073         0   0.02923        14       640    0.9343    0.4167    0.4727     0.311   0.07634   0.01266         0
   250/499     5.81G   0.02341  0.004925         0   0.02834         9       640     0.913    0.5831    0.6451    0.4169   0.07178   0.01092         0
   251/499     5.81G    0.0223   0.00444         0   0.02674         9       640     0.856    0.6667    0.7247    0.5004   0.06738   0.01019         0
   252/499     5.81G   0.02271  0.004042         0   0.02676        10       640    0.9999    0.6111     0.747    0.5367   0.06516  0.009581         0
   253/499     5.81G   0.02438  0.004308         0   0.02869        17       640         1    0.6944    0.8099    0.6099   0.06404  0.009154         0
   254/499     5.81G   0.02182  0.004243         0   0.02607         7       640         1    0.7499     0.837    0.6171   0.06147  0.009026         0
   255/499     5.81G   0.02684  0.003825         0   0.03066         8       640    0.9615    0.6943    0.7753    0.5859   0.06323  0.009795         0
   256/499     5.81G   0.01722  0.003991         0   0.02121        11       640    0.9032    0.7778    0.8521    0.6305   0.05968  0.009817         0
   257/499     5.81G   0.01703  0.003867         0    0.0209        18       640    0.9999    0.8056    0.8678    0.6766   0.05822  0.009178         0
   258/499     5.81G   0.02153  0.003752         0   0.02529         9       640     0.909    0.8327    0.8775    0.6985    0.0565  0.009109         0
   259/499     5.81G   0.02587  0.004128         0   0.02999         4       640         1    0.8055    0.8864    0.7128   0.05657   0.00904         0
   260/499     5.81G   0.02394  0.003708         0   0.02765        14       640    0.9374    0.8323    0.9039    0.7133   0.05633  0.009008         0
   261/499     5.81G   0.01907  0.003882         0   0.02295        16       640    0.8918    0.9162    0.9131    0.7121   0.05611  0.008917         0
   262/499     5.81G    0.0162  0.003575         0   0.01977        10       640    0.9687     0.861    0.9072     0.715    0.0558  0.008881         0
   263/499     5.81G    0.0165  0.003514         0   0.02001        11       640    0.9675    0.8333    0.8959    0.7076   0.05573  0.009033         0
   264/499     5.81G   0.01595   0.00332         0   0.01927         5       640    0.9411    0.8889    0.9125    0.6982    0.0553  0.009237         0
   265/499     5.81G   0.02488  0.003589         0   0.02847        13       640    0.9687    0.8611    0.9246    0.7117    0.0569  0.009123         0
   266/499     5.81G   0.01692  0.003592         0   0.02051        11       640    0.9687    0.8609    0.8859    0.6924   0.05889  0.008808         0
   267/499     5.81G   0.02055  0.003711         0   0.02427        14       640    0.9687     0.861    0.9083    0.7004   0.05766  0.008786         0
   268/499     5.81G   0.01619  0.003671         0   0.01986        14       640    0.9687    0.8611    0.9178    0.7067   0.05716  0.008636         0
   269/499     5.81G   0.02668  0.003362         0   0.03004        14       640    0.9701    0.9167    0.9252    0.7212    0.0565   0.00864         0
   270/499     5.81G   0.02034  0.003725         0   0.02406        13       640         1    0.8888    0.9218    0.7092   0.05681  0.008589         0
   271/499     5.81G   0.02441   0.00337         0   0.02778         6       640    0.9999    0.8611    0.9149    0.7195   0.05664  0.008579         0
   272/499     5.81G   0.01385  0.003694         0   0.01755        12       640    0.9697    0.8888    0.9166    0.7001   0.05688  0.008644         0
   273/499     5.81G   0.01806  0.003146         0   0.02121         9       640         1    0.8889    0.9169    0.7103   0.05686  0.008567         0
   274/499     5.81G   0.02888  0.003272         0   0.03215        14       640    0.9999    0.8889    0.9172    0.7201   0.05644   0.00851         0
   275/499     5.81G   0.01844  0.003415         0   0.02186        11       640         1    0.8888    0.9193     0.728   0.05597  0.008458         0
   276/499     5.81G   0.01781    0.0034         0   0.02121        11       640         1    0.8889    0.9258    0.7403   0.05533  0.008391         0
   277/499     5.81G   0.02154  0.003206         0   0.02475         9       640    0.9999    0.8889    0.9283    0.7244   0.05481  0.008386         0
   278/499     5.81G   0.01499  0.003455         0   0.01844         7       640         1    0.8889    0.9289     0.736   0.05434  0.008337         0
   279/499     5.81G   0.01692  0.003452         0   0.02037        12       640         1    0.8889    0.9319    0.7273   0.05423  0.008395         0
   280/499     5.81G   0.01957  0.002956         0   0.02253        10       640         1    0.8888    0.9449    0.7436   0.05423  0.008417         0
   281/499     5.81G   0.01486  0.003138         0   0.01799        11       640    0.9704    0.9167    0.9311    0.7325   0.05542  0.008454         0
   282/499     5.81G     0.013  0.003074         0   0.01608        14       640    0.9999    0.8889    0.9197    0.7329   0.05528  0.008595         0
   283/499     5.81G   0.01652  0.003246         0   0.01977        12       640    0.9999    0.8889    0.9153    0.7359   0.05496  0.008754         0
   284/499     5.81G   0.02096  0.003341         0    0.0243         9       640         1    0.8888    0.9161    0.7279    0.0547  0.008772         0
   285/499     5.81G   0.02658  0.003425         0   0.03001        14       640         1    0.8887    0.9222    0.7282   0.05421  0.008684         0
   286/499     5.81G   0.02338  0.003109         0   0.02649        11       640         1    0.8887    0.9234    0.7236   0.05454  0.008633         0
   287/499     5.81G   0.01657  0.003215         0   0.01979         8       640         1    0.8889    0.9201    0.7205   0.05491  0.008658         0
   288/499     5.81G   0.01289  0.002978         0   0.01587         8       640         1    0.8887    0.9145    0.7142   0.05517  0.008685         0
   289/499     5.81G   0.01483  0.003056         0   0.01789         6       640    0.9998    0.8889    0.8957     0.709   0.05505  0.008786         0
   290/499     5.81G   0.02273  0.003126         0   0.02585        15       640         1    0.8885    0.8932    0.7051   0.05452  0.008794         0
   291/499     5.81G   0.01858  0.003131         0   0.02171        13       640         1    0.8885    0.8947     0.716   0.05432  0.008737         0
   292/499     5.81G   0.01465   0.00343         0   0.01808        12       640    0.9989    0.8889    0.9068      0.72   0.05434   0.00873         0
   293/499     5.81G   0.01901  0.002976         0   0.02199         9       640    0.9697    0.8889     0.899    0.7131   0.05486  0.008698         0
   294/499     5.81G   0.02722  0.003265         0   0.03048        11       640    0.9697    0.8889    0.8967    0.7054   0.05529  0.008588         0
   295/499     5.81G   0.01738  0.003233         0   0.02062         7       640    0.9697    0.8889    0.8981    0.6963   0.05555  0.008529         0
   296/499     5.81G   0.01872  0.002938         0   0.02166         9       640    0.9697    0.8889    0.9044    0.7111   0.05515  0.008464         0
   297/499     5.81G   0.02371  0.002951         0   0.02666         8       640    0.9696    0.8889     0.916    0.7231   0.05473   0.00846         0
   298/499     5.81G    0.0115  0.002982         0   0.01448         6       640    0.9696    0.8889    0.9194    0.7254   0.05455  0.008584         0
   299/499     5.81G   0.01825    0.0032         0   0.02145        18       640    0.9696    0.8889    0.9202    0.7201   0.05458  0.008669         0
   300/499     5.81G   0.02273   0.00308         0   0.02581        15       640    0.9696    0.8889    0.9185    0.7248   0.05464  0.008734         0
   301/499     5.81G   0.01523  0.002868         0    0.0181        17       640         1    0.8888    0.9193     0.706   0.05476  0.008741         0
   302/499     5.81G   0.01243  0.003116         0   0.01554         9       640         1    0.8888    0.9196    0.7117   0.05486  0.008722         0
   303/499     5.81G   0.01176  0.002923         0   0.01468         4       640    0.9999    0.8889    0.9202    0.7201   0.05488   0.00867         0
   304/499     5.81G   0.01826  0.002981         0   0.02124        14       640    0.9999    0.8889    0.9123    0.7117   0.05481  0.008638         0
   305/499     5.81G   0.01372  0.003108         0   0.01683        10       640         1    0.8889    0.9213    0.7088   0.05478  0.008684         0
   306/499     5.81G   0.01796   0.00292         0   0.02088        13       640    0.9996    0.8889    0.9225    0.7103   0.05456  0.008685         0
   307/499     5.81G   0.01816  0.002914         0   0.02108        13       640    0.9999    0.8889    0.9304     0.718   0.05482  0.008676         0
   308/499     5.81G   0.02125  0.003002         0   0.02425        12       640    0.9999    0.8889    0.9329    0.7179   0.05502  0.008676         0
   309/499     5.81G   0.01583  0.003247         0   0.01908        13       640    0.9999    0.8889    0.9228    0.7043   0.05523  0.008723         0
   310/499     5.81G    0.0222  0.002761         0   0.02496        15       640         1    0.8888    0.9211    0.7078   0.05481  0.008743         0
   311/499     5.81G   0.01767  0.002867         0   0.02054        12       640         1    0.8888    0.9274    0.7154   0.05484  0.008757         0
   312/499     5.81G   0.02422  0.002774         0   0.02699         8       640    0.9999    0.8889    0.9322    0.7292   0.05437  0.008731         0
   313/499     5.81G   0.01793  0.003265         0    0.0212        17       640    0.9696    0.8889    0.9308    0.7381   0.05414  0.008727         0
   314/499     5.81G   0.01562  0.002961         0   0.01858        11       640    0.9697    0.8889    0.9304    0.7343   0.05428  0.008628         0
   315/499     5.81G   0.01417  0.002916         0   0.01708        13       640    0.9697    0.8889    0.9064     0.733   0.05471  0.008557         0
   316/499     5.81G   0.01167  0.002928         0    0.0146        21       640    0.9697    0.8889    0.9039    0.7205   0.05501  0.008588         0
   317/499     5.81G   0.02479  0.002723         0   0.02751         3       640    0.9697    0.8889    0.9007    0.7165   0.05525  0.008538         0
   318/499     5.81G   0.02011   0.00288         0   0.02299        13       640    0.9998    0.8889    0.8991    0.7261    0.0553  0.008417         0
   319/499     5.81G   0.01594   0.00296         0    0.0189        10       640         1    0.8889    0.8977     0.712   0.05549  0.008419         0
   320/499     5.81G   0.02057  0.002706         0   0.02327        16       640         1    0.8889    0.8957    0.7034   0.05571  0.008451         0
   321/499     5.81G    0.0201  0.002762         0   0.02286         6       640    0.9999    0.8889    0.8969    0.7046   0.05568  0.008424         0
   322/499     5.81G   0.01747  0.002898         0   0.02037         9       640         1    0.8889    0.8978    0.7156   0.05583  0.008399         0
   323/499     5.81G    0.0229  0.002893         0   0.02579        11       640         1    0.8889    0.8999    0.7179   0.05558  0.008366         0
   324/499     5.81G   0.01692  0.002686         0   0.01961         5       640         1    0.8889    0.9024     0.713   0.05527  0.008389         0
   325/499     5.81G   0.01306  0.002764         0   0.01582         6       640         1    0.8889    0.9065     0.734   0.05516  0.008394         0
   326/499     5.81G   0.02021  0.003122         0   0.02333        16       640         1    0.8889    0.9106    0.7229   0.05499  0.008451         0
   327/499     5.81G   0.01486  0.002722         0   0.01758         9       640         1    0.8889    0.9113     0.732   0.05504  0.008495         0
   328/499     5.81G   0.01761  0.002773         0   0.02038        10       640    0.9999    0.8889    0.9113    0.7199   0.05503  0.008689         0
   329/499     5.81G    0.0158   0.00298         0   0.01878        11       640         1    0.8889    0.9126    0.7224   0.05491  0.008796         0
   330/499     5.81G    0.0133  0.002834         0   0.01613        11       640         1    0.8889    0.9118    0.7333   0.05494  0.008768         0
   331/499     5.81G   0.02063  0.002859         0   0.02349         9       640         1    0.8889    0.9118    0.7192   0.05524  0.008748         0
   332/499     5.81G   0.01797    0.0026         0   0.02057         5       640         1    0.8889    0.9118     0.724   0.05563  0.008728         0
   333/499     5.81G    0.0289  0.002744         0   0.03164        10       640         1    0.8889    0.9105    0.7261   0.05558  0.008744         0
   334/499     5.81G   0.01279  0.002754         0   0.01555        11       640         1    0.8889    0.9088    0.7313   0.05527  0.008739         0
   335/499     5.81G   0.01585  0.002911         0   0.01876        16       640         1    0.8888    0.9099    0.7345   0.05514  0.008733         0
   336/499     5.81G   0.01075   0.00257         0   0.01332        10       640         1    0.8889    0.9137     0.718   0.05502   0.00876         0
   337/499     5.81G   0.01923   0.00267         0    0.0219         4       640         1    0.8889    0.9105    0.7357   0.05473  0.008734         0
   338/499     5.81G   0.02059  0.002641         0   0.02323         7       640         1    0.8889     0.913    0.7265   0.05501  0.008706         0
   339/499     5.81G   0.01035  0.002563         0   0.01292         8       640         1    0.8889    0.8888    0.7139    0.0551  0.008701         0
   340/499     5.81G   0.01807  0.002632         0    0.0207         6       640         1    0.8888    0.8858    0.7113   0.05519  0.008653         0
   341/499     5.81G   0.01992  0.003015         0   0.02294        12       640    0.9999    0.8889    0.8925    0.7151   0.05508  0.008618         0
   342/499     5.81G   0.01913  0.002768         0   0.02189        11       640         1    0.8889    0.9028    0.7153   0.05493  0.008644         0
   343/499     5.81G   0.01935  0.002963         0   0.02231         7       640         1    0.8889    0.9099    0.7126   0.05472  0.008652         0
   344/499     5.81G   0.02385  0.003234         0   0.02709         9       640         1    0.8889    0.9145    0.7292   0.05449  0.008586         0
   345/499     5.81G   0.02068  0.003068         0   0.02375         9       640    0.9999    0.8889     0.915    0.7261   0.05453   0.00856         0
   346/499     5.81G   0.02043   0.00288         0   0.02331        11       640         1    0.8889    0.9137    0.7198   0.05515  0.008608         0
   347/499     5.81G  0.009389  0.002783         0   0.01217         7       640         1    0.8889    0.9137    0.7131   0.05548  0.008613         0
   348/499     5.81G   0.01802  0.003016         0   0.02103         6       640         1    0.8888    0.9137    0.7125   0.05564  0.008565         0
   349/499     5.81G   0.01728  0.002908         0   0.02019        15       640         1    0.8889    0.9137    0.7084   0.05559  0.008557         0
   350/499     5.81G   0.01793  0.003132         0   0.02106        13       640    0.9999    0.8889    0.9137    0.6989   0.05559  0.008569         0
   351/499     5.81G   0.02192  0.002933         0   0.02486        18       640         1    0.8889    0.9122     0.699   0.05553  0.008532         0
   352/499     5.81G   0.01787  0.002659         0   0.02053        15       640    0.9999    0.8889    0.9115    0.6914   0.05549  0.008525         0
   353/499     5.81G   0.01938  0.002931         0   0.02231        11       640         1    0.8889    0.9095    0.6976   0.05558  0.008561         0
   354/499     5.81G   0.01515  0.002849         0     0.018         8       640         1    0.8888    0.9101    0.7011   0.05568   0.00858         0
   355/499     5.81G   0.01276  0.002414         0   0.01517         8       640         1    0.8889    0.8878    0.6959   0.05569  0.008621         0
   356/499     5.81G   0.01321  0.002724         0   0.01594         9       640         1    0.8889    0.8876     0.714   0.05566  0.008624         0
   357/499     5.81G   0.01157  0.002732         0    0.0143         7       640         1    0.8888    0.8876    0.7176   0.05548  0.008579         0
   358/499     5.81G    0.0187  0.002725         0   0.02143        11       640         1    0.8889    0.9101    0.6963    0.0555  0.008594         0
   359/499     5.81G   0.01465  0.002496         0   0.01715         4       640         1    0.8889    0.8882    0.6974   0.05546  0.008565         0
   360/499     5.81G   0.01095  0.002925         0   0.01388         9       640         1    0.8889    0.8885    0.7017   0.05541  0.008517         0
   361/499     5.81G   0.02146  0.002628         0   0.02408        15       640         1    0.8889    0.8887    0.7069   0.05545  0.008604         0
   362/499     5.81G   0.02385  0.002534         0   0.02639         7       640         1    0.8889    0.9129    0.7025   0.05548   0.00871         0
   363/499     5.81G   0.01796  0.002728         0   0.02069        10       640    0.9706    0.9166    0.9146    0.7135   0.05536  0.008705         0
   364/499     5.81G   0.01488  0.002741         0   0.01762         7       640    0.9706    0.9167    0.9146    0.7105   0.05526  0.008687         0
   365/499     5.81G   0.01849  0.002777         0   0.02127         7       640    0.9706    0.9166    0.9147    0.7103   0.05518  0.008723         0
   366/499     5.81G   0.02117  0.002782         0   0.02396        13       640    0.9706    0.9166    0.9147    0.7227   0.05506  0.008775         0
   367/499     5.81G   0.01427    0.0028         0   0.01707        13       640    0.9706    0.9166    0.9147    0.7208   0.05478  0.008773         0
   368/499     5.81G   0.01456  0.002704         0   0.01727         7       640    0.9706    0.9166    0.9147    0.7128   0.05455  0.008741         0
   369/499     5.81G   0.01562  0.002527         0   0.01815        15       640    0.9706    0.9166    0.9147    0.7263   0.05456  0.008752         0
   370/499     5.81G   0.01495  0.002521         0   0.01747         9       640    0.9706    0.9167    0.9147    0.7278   0.05437  0.008739         0
   371/499     5.81G   0.01686  0.002541         0   0.01941        15       640    0.9706    0.9167    0.9148    0.7304   0.05416  0.008733         0
   372/499     5.81G   0.02593  0.002707         0   0.02864        13       640    0.9706    0.9166    0.9149     0.731   0.05393  0.008728         0
   373/499     5.81G   0.01475  0.002844         0   0.01759         8       640    0.9705    0.9167    0.9149    0.7214   0.05397  0.008702         0
   374/499     5.81G   0.01293  0.002549         0   0.01548        10       640    0.9705    0.9167    0.9149    0.7244   0.05395  0.008647         0
   375/499     5.81G   0.01283  0.002934         0   0.01577        21       640    0.9706    0.9167    0.9148    0.7217   0.05393  0.008631         0
   376/499     5.81G   0.01461  0.002426         0   0.01704         8       640    0.9706    0.9167    0.9147     0.721   0.05382    0.0087         0
   377/499     5.81G   0.01983  0.002376         0    0.0222        11       640         1    0.9166    0.9156    0.7134   0.05383  0.008774         0
   378/499     5.81G   0.02198  0.002669         0   0.02465         6       640         1    0.9166    0.9156    0.7213   0.05399  0.008803         0
   379/499     5.81G   0.02307   0.00292         0   0.02599        11       640    0.9705    0.9167    0.9147     0.717   0.05396  0.008807         0
   380/499     5.81G   0.01074  0.002383         0   0.01312         7       640    0.9706    0.9167    0.9147     0.709   0.05407  0.008848         0
   381/499     5.81G   0.01615   0.00273         0   0.01888        12       640    0.9705    0.9167    0.9147    0.7137   0.05437   0.00885         0
   382/499     5.81G   0.01631  0.002315         0   0.01863         8       640    0.9706    0.9166    0.9147    0.7074   0.05441  0.008822         0
   383/499     5.81G   0.01633  0.002768         0    0.0191         6       640    0.9706    0.9166    0.9147    0.7013   0.05436  0.008809         0
   384/499     5.81G   0.01889  0.002467         0   0.02136        13       640    0.9706    0.9166    0.9147    0.7093   0.05422  0.008797         0
   385/499     5.81G   0.02708  0.002693         0   0.02978         5       640    0.9705    0.9167    0.9146    0.7186   0.05416  0.008736         0
   386/499     5.81G   0.01466  0.002501         0   0.01716        15       640    0.9998    0.9167    0.9154    0.7322   0.05328  0.008788         0
   387/499     5.81G   0.01229  0.002441         0   0.01473         7       640    0.9706    0.9165    0.9146    0.7232   0.05343  0.008849         0
   388/499     5.81G   0.02546  0.002653         0   0.02812         8       640         1    0.8611      0.91    0.7128   0.05369  0.008903         0
   389/499     5.81G   0.02287  0.002686         0   0.02556        12       640         1    0.8611    0.9093    0.7066   0.05371  0.008904         0
   390/499     5.81G   0.01905  0.002746         0    0.0218        14       640    0.9695    0.8889    0.9117    0.7188   0.05357  0.008874         0
   391/499     5.81G    0.0146  0.002607         0   0.01721        17       640    0.9706    0.9165    0.9141    0.7241   0.05325  0.008869         0
   392/499     5.81G   0.01581  0.002372         0   0.01818         7       640    0.9428    0.9161    0.9133    0.7283   0.05305  0.008953         0
   393/499     5.81G   0.01207  0.002614         0   0.01468        12       640    0.9428    0.9164    0.9128    0.7264   0.05295     0.009         0
   394/499     5.81G   0.01665   0.00234         0   0.01899         7       640    0.9428    0.9161    0.9128    0.7298   0.05288  0.009052         0
   395/499     5.81G   0.01722  0.002486         0   0.01971        12       640    0.9999    0.8611     0.912    0.7236   0.05288  0.009087         0
   396/499     5.81G   0.01415  0.002642         0   0.01679        10       640    0.9697    0.8888    0.9126    0.7167    0.0529  0.009102         0
   397/499     5.81G   0.02814  0.002745         0   0.03088        13       640    0.9697    0.8889    0.9126    0.7178   0.05268  0.009111         0
   398/499     5.81G   0.01189  0.002464         0   0.01435        10       640    0.9428    0.9164    0.9133    0.7195   0.05261   0.00915         0
   399/499     5.81G   0.01495   0.00265         0    0.0176        11       640    0.9427    0.9167    0.9133    0.7193   0.05246   0.00918         0
   400/499     5.81G   0.02773  0.002443         0   0.03017        13       640    0.9704    0.9167    0.9142    0.7286   0.05241  0.009214         0
   401/499     5.81G   0.01658  0.002539         0   0.01912        12       640    0.9427    0.9167    0.9133     0.727   0.05243  0.009207         0
   402/499     5.81G    0.0181  0.002468         0   0.02057        14       640    0.9427    0.9167    0.9128    0.7325   0.05243  0.009185         0
   403/499     5.81G   0.01802  0.002767         0   0.02079        14       640    0.9427    0.9167    0.9128    0.7302   0.05248   0.00917         0
   404/499     5.81G   0.01224  0.002491         0   0.01473        14       640    0.9428    0.9164    0.9128     0.725   0.05258  0.009124         0
   405/499     5.81G   0.01414  0.002649         0   0.01679        16       640    0.9706    0.9163    0.9143    0.7236   0.05266  0.009097         0
   406/499     5.81G   0.02342  0.002638         0   0.02606        11       640    0.9422    0.9167    0.9134    0.7285    0.0528  0.009082         0
   407/499     5.81G   0.02135  0.002651         0     0.024        12       640    0.9706    0.9158    0.9143    0.7267   0.05291   0.00908         0
   408/499     5.81G   0.01427  0.002338         0   0.01661        10       640    0.9701    0.9167    0.9182      0.73   0.05289  0.009053         0
   409/499     5.81G   0.01505  0.002563         0   0.01761         9       640    0.9706    0.9162    0.9188    0.7308   0.05293  0.009061         0
   410/499     5.81G   0.01736  0.002454         0   0.01982        13       640    0.9428    0.9167    0.9177    0.7294   0.05302  0.009118         0
   411/499     5.81G   0.01953  0.002342         0   0.02187         6       640    0.9705    0.9167    0.9193    0.7314   0.05308  0.009133         0
   412/499     5.81G   0.01339  0.002316         0   0.01571         6       640    0.9706    0.9167    0.9198    0.7313   0.05317  0.009167         0
   413/499     5.81G   0.01578  0.002179         0   0.01796         7       640    0.9705    0.9167    0.9196    0.7338   0.05299  0.009178         0
   414/499     5.81G   0.01901  0.002617         0   0.02162        18       640    0.9705    0.9167      0.92    0.7363   0.05268  0.009187         0
   415/499     5.81G   0.02087  0.002348         0   0.02322         8       640    0.9705    0.9167    0.9204    0.7377   0.05265   0.00916         0
   416/499     5.81G   0.01926  0.002447         0   0.02171         9       640    0.9706    0.9166    0.9214    0.7383   0.05272  0.009127         0
   417/499     5.81G   0.01641  0.002606         0   0.01901        15       640    0.9705    0.9167    0.9203    0.7318   0.05292  0.009116         0
   418/499     5.81G   0.01417  0.002505         0   0.01667        10       640    0.9706    0.9167    0.9197    0.7324   0.05301  0.009101         0
   419/499     5.81G   0.01406  0.002417         0   0.01648         9       640    0.9706    0.9166    0.9196     0.732   0.05282  0.009074         0
   420/499     5.81G    0.0175  0.002495         0      0.02        11       640    0.9706    0.9166    0.9191    0.7261   0.05263  0.009042         0
   421/499     5.81G   0.01695  0.002554         0   0.01951        11       640    0.9706    0.9167    0.9193     0.738   0.05261  0.009026         0
   422/499     5.81G   0.01837   0.00231         0   0.02068         9       640    0.9706    0.9166    0.9195     0.728   0.05265  0.009026         0
   423/499     5.81G   0.02069  0.002166         0   0.02285        12       640    0.9706    0.9166    0.9196    0.7319    0.0526  0.009023         0
   424/499     5.81G    0.0207  0.002645         0   0.02334        17       640    0.9428    0.9167    0.9191    0.7281   0.05269  0.009017         0
   425/499     5.81G  0.009106  0.002164         0   0.01127        12       640    0.9428    0.9167    0.9183     0.729   0.05275  0.009008         0
   426/499     5.81G   0.01558  0.002193         0   0.01778        12       640    0.9428    0.9167    0.9176    0.7295   0.05266  0.009005         0
   427/499     5.81G   0.01453  0.002309         0   0.01684        11       640    0.9428    0.9167    0.9173    0.7268   0.05268     0.009         0
   428/499     5.81G   0.01616    0.0027         0   0.01886        19       640    0.9427    0.9167     0.913    0.7287    0.0525  0.009011         0
   429/499     5.81G   0.01869  0.002333         0   0.02102         8       640    0.9429    0.9166    0.9135    0.7286   0.05277  0.008983         0
   430/499     5.81G   0.01156  0.002384         0   0.01395         9       640    0.9426    0.9167    0.9135    0.7307   0.05282  0.009001         0
   431/499     5.81G   0.01997  0.002298         0   0.02227        11       640    0.9427    0.9167    0.9135    0.7274   0.05272  0.009042         0
   432/499     5.81G   0.01668  0.002603         0   0.01928         6       640    0.9706    0.9166    0.9143    0.7281   0.05275  0.009055         0
   433/499     5.81G   0.01868  0.002243         0   0.02092        10       640    0.9706    0.9166    0.9143    0.7246   0.05304  0.009033         0
   434/499     5.81G   0.01854  0.002408         0   0.02094         8       640    0.9706    0.9167    0.9143    0.7319   0.05297  0.009027         0
   435/499     5.81G   0.02582   0.00256         0   0.02838        12       640    0.9706    0.9166    0.9143    0.7319   0.05295  0.009041         0
   436/499     5.81G   0.01731  0.002477         0   0.01979         8       640    0.9705    0.9167    0.9149    0.7244   0.05312  0.009056         0
   437/499     5.81G   0.01772  0.002549         0   0.02027        10       640    0.9705    0.9167    0.9149    0.7274   0.05318  0.009037         0
   438/499     5.81G   0.02014  0.002444         0   0.02258        13       640    0.9706    0.9167    0.9148    0.7317   0.05347   0.00896         0
   439/499     5.81G    0.0141  0.002278         0   0.01638         8       640    0.9706    0.9167    0.9147    0.7317   0.05377  0.008945         0
   440/499     5.81G   0.02201  0.002351         0   0.02437        12       640    0.9705    0.9167    0.9147    0.7245   0.05407  0.008946         0
   441/499     5.81G   0.01515  0.002399         0   0.01755         6       640    0.9706    0.9167    0.9147    0.7271    0.0543  0.008927         0
   442/499     5.81G    0.0183   0.00269         0   0.02099        14       640    0.9706    0.9166    0.9148    0.7216   0.05439  0.008891         0
   443/499     5.81G    0.0193   0.00239         0   0.02169         8       640    0.9705    0.9167    0.9148    0.7203   0.05425   0.00884         0
   444/499     5.81G   0.02086  0.002561         0   0.02342        13       640    0.9706    0.9167    0.9148    0.7362   0.05412  0.008751         0
   445/499     5.81G   0.01306  0.002261         0   0.01532         9       640    0.9706    0.9166    0.9148    0.7291   0.05409  0.008694         0
   446/499     5.81G   0.01345  0.002204         0   0.01566        11       640    0.9706    0.9166    0.9148    0.7282   0.05402  0.008624         0
   447/499     5.81G   0.01574  0.002569         0   0.01831         9       640         1    0.9164    0.9157    0.7265   0.05393   0.00857         0
   448/499     5.81G   0.01469  0.002456         0   0.01715        11       640    0.9995    0.9167    0.9157    0.7322   0.05376  0.008536         0
   449/499     5.81G   0.01775  0.002371         0   0.02012         9       640         1    0.9162    0.9157    0.7284   0.05369  0.008545         0
   450/499     5.81G   0.02047  0.002503         0   0.02297        17       640    0.9706    0.9166    0.9148    0.7224   0.05368  0.008594         0
   451/499     5.81G   0.02199  0.002488         0   0.02447         9       640    0.9705    0.9167    0.9148    0.7232   0.05373  0.008589         0
   452/499     5.81G     0.018  0.002306         0   0.02031        10       640    0.9705    0.9167    0.9142    0.7153     0.054  0.008573         0
   453/499     5.81G   0.02116  0.002402         0   0.02356        10       640    0.9706    0.9165    0.9142    0.7199   0.05417  0.008547         0
   454/499     5.81G   0.01977  0.002558         0   0.02233        11       640    0.9702    0.9167    0.9141    0.7102   0.05346  0.008572         0
   455/499     5.81G   0.01304  0.002277         0   0.01532        11       640    0.9705    0.9167    0.9185    0.7131   0.05387  0.008515         0
   456/499     5.81G   0.02485  0.002317         0   0.02716         6       640    0.9705    0.9167    0.9199    0.7218   0.05382  0.008558         0
   457/499     5.81G   0.01615  0.002595         0   0.01874         7       640         1    0.9167    0.9212    0.7256   0.05416  0.008548         0
   458/499     5.81G    0.0197  0.002698         0    0.0224        16       640    0.9999    0.9167    0.9244    0.7225    0.0546  0.008442         0
   459/499     5.81G   0.02268   0.00272         0    0.0254        12       640    0.9999    0.9167     0.925    0.7181   0.05483  0.008361         0
   460/499     5.81G   0.01575  0.002346         0    0.0181        12       640         1    0.9167    0.9249    0.7178   0.05459  0.008378         0
   461/499     5.81G   0.01888  0.002737         0   0.02162        10       640         1    0.9166    0.9299    0.7226   0.05359  0.008529         0
   462/499     5.81G   0.02163  0.002748         0   0.02437        12       640    0.9706    0.9167    0.9359    0.7166   0.05353  0.008531         0
   463/499     5.81G   0.01782  0.002707         0   0.02052         7       640    0.9705    0.9167    0.9364     0.718   0.05335  0.008612         0
   464/499     5.81G   0.02148  0.002459         0   0.02394         7       640         1    0.8889    0.9328    0.7261   0.05396  0.008666         0
   465/499     5.81G   0.01617  0.002313         0   0.01849         4       640         1    0.8889    0.9269    0.7262   0.05418  0.008671         0
   466/499     5.81G   0.02478   0.00254         0   0.02732         7       640         1    0.8889    0.9223     0.721   0.05439  0.008598         0
   467/499     5.81G   0.01879  0.002647         0   0.02144         7       640    0.9999    0.8889    0.9134     0.735   0.05435  0.008552         0
   468/499     5.81G   0.02131  0.002689         0     0.024        15       640         1    0.8888    0.9185    0.7346   0.05434  0.008502         0
   469/499     5.81G   0.02434  0.002645         0   0.02699        12       640    0.9999    0.8889    0.9183    0.7342   0.05416  0.008505         0
   470/499     5.81G   0.02134  0.002696         0   0.02404         4       640         1    0.8889    0.9142    0.7366     0.054   0.00855         0
   471/499     5.81G   0.01382  0.002402         0   0.01622        14       640         1    0.8889    0.9142    0.7301   0.05402   0.00861         0
   472/499     5.81G   0.01416  0.002815         0   0.01698        14       640    0.9999    0.8889    0.9141    0.7341   0.05408  0.008696         0
   473/499     5.81G   0.01804  0.002464         0   0.02051         9       640    0.9706    0.9166    0.9149     0.727   0.05452  0.008577         0
   474/499     5.81G   0.01924  0.002513         0   0.02175        11       640    0.9999    0.8889    0.9042    0.7169    0.0549  0.008714         0
   475/499     5.81G   0.01606  0.002579         0   0.01864         7       640         1    0.8888    0.8903    0.7149   0.05475  0.008791         0
   476/499     5.81G   0.02156  0.002278         0   0.02384        11       640         1    0.8888    0.8899    0.7099   0.05453  0.008809         0
   477/499     5.81G   0.01719  0.002421         0   0.01961         5       640    0.9999    0.8889    0.8926    0.7106   0.05414  0.008857         0
   478/499     5.81G   0.01752  0.002699         0   0.02022        10       640    0.9998    0.8889    0.9088    0.7142   0.05362  0.008934         0
   479/499     5.81G   0.02233  0.002541         0   0.02487        12       640    0.9999    0.8889    0.9133    0.7175   0.05342  0.008887         0
   480/499     5.81G   0.02124  0.002811         0   0.02405        13       640         1    0.8887    0.9141    0.7238   0.05279  0.008933         0
   481/499     5.81G   0.02236  0.002753         0   0.02511        17       640    0.9429    0.9166    0.9135    0.7224   0.05254  0.009006         0
   482/499     5.81G   0.01838  0.002493         0   0.02087        10       640         1    0.8887    0.9141    0.7243   0.05236  0.009091         0
   483/499     5.81G   0.01937   0.00252         0   0.02189        10       640         1    0.8888    0.9141    0.7201    0.0522  0.009116         0
   484/499     5.81G   0.01789  0.002335         0   0.02023        11       640         1    0.8889    0.9142    0.7198   0.05213  0.009094         0
   485/499     5.81G   0.01353  0.002471         0     0.016        19       640    0.9999    0.8889    0.9142     0.726   0.05206  0.009058         0
   486/499     5.81G   0.02139  0.002319         0   0.02371         7       640    0.9706    0.9167    0.9152    0.7297   0.05208  0.009038         0
   487/499     5.81G   0.01729  0.002266         0   0.01956        12       640    0.9706    0.9167    0.9152    0.7262   0.05214   0.00904         0
   488/499     5.81G    0.0151  0.002672         0   0.01777        12       640    0.9706    0.9166    0.9153     0.731   0.05234  0.009009         0
   489/499     5.81G   0.01318   0.00241         0   0.01559         5       640    0.9706    0.9167    0.9154    0.7364   0.05248   0.00897         0
   490/499     5.81G   0.01413  0.002731         0   0.01687        19       640    0.9705    0.9167    0.9155    0.7337    0.0526  0.008914         0
   491/499     5.81G  0.009716  0.002408         0   0.01212        17       640    0.9705    0.9167    0.9155    0.7331   0.05253  0.008924         0
   492/499     5.81G   0.01026  0.002555         0   0.01282         6       640    0.9705    0.9167    0.9155    0.7286   0.05265   0.00893         0
   493/499     5.81G   0.02051  0.002674         0   0.02319         9       640    0.9706    0.9165    0.9155    0.7183   0.05317  0.008926         0
   494/499     5.81G   0.01912    0.0025         0   0.02162         9       640    0.9704    0.9167    0.9155    0.7128    0.0534  0.008969         0
   495/499     5.81G   0.01015  0.002602         0   0.01275        10       640    0.9705    0.9167    0.9154    0.7134   0.05337  0.009053         0
   496/499     5.81G   0.02403  0.002727         0   0.02675        14       640    0.9705    0.9167    0.9153    0.7119   0.05332  0.009162         0
   497/499     5.81G   0.01493  0.002802         0   0.01773        10       640    0.9706    0.9166    0.9153    0.7109   0.05339   0.00921         0
   498/499     5.81G   0.01244    0.0025         0   0.01494         7       640         1    0.8889    0.9144    0.7188   0.05346  0.009254         0
   499/499     5.81G   0.01479  0.002653         0   0.01744        15       640         1    0.8887    0.9144    0.7149   0.05346  0.009254         0
