     0/499     5.54G   0.08504   0.01798         0     0.103         6       640         0         0         0         0    0.1078   0.01694         0
     1/499     5.79G   0.07619   0.01403         0   0.09022         6       640 0.0003568   0.05263 2.018e-05 4.037e-06    0.1029   0.01319         0
     2/499     5.79G   0.07194    0.0113         0   0.08324         3       640  0.000965   0.05263 8.795e-05 1.197e-05    0.1029   0.01101         0
     3/499     5.79G   0.07283    0.0089         0   0.08173         4       640         0         0         0         0    0.1093  0.009178         0
     4/499     5.79G   0.07082  0.007737         0   0.07856         5       640 0.0003332   0.05263  2.36e-05  2.36e-06    0.1094   0.00808         0
     5/499     5.79G   0.06454  0.007102         0   0.07164         6       640         0         0         0         0    0.1076  0.007515         0
     6/499     5.79G   0.06486  0.006446         0   0.07131         2       640 0.0006456   0.05263 7.846e-05 7.846e-06    0.1105  0.006876         0
     7/499     5.79G   0.06692  0.005873         0   0.07279         7       640 0.0004257   0.05263 2.663e-05 7.988e-06    0.1268  0.005315         0
     8/499     5.79G   0.07634  0.004391         0   0.08073         4       640   0.01448    0.1579  0.004625 0.0009664     0.118  0.005008         0
     9/499     5.79G   0.07048  0.004047         0   0.07452         8       640   0.01064    0.2105  0.002831 0.0003277    0.1147   0.00453         0
    10/499     5.79G   0.06935  0.003871         0   0.07322         4       640  0.001467   0.05263 0.0001114 2.229e-05    0.1116  0.005053         0
    11/499     5.79G   0.06849  0.004395         0   0.07288         5       640  0.001073    0.2632 0.0003531  4.29e-05    0.1041  0.005577         0
    12/499     5.79G   0.06597  0.004625         0    0.0706         6       640  0.006862    0.1053    0.0024 0.0004469   0.09235  0.006508         0
    13/499     5.79G   0.06504  0.004523         0   0.06957        10       640 0.0004242    0.1053 4.798e-05 6.178e-06    0.1071  0.005414         0
    14/499     5.79G   0.06591  0.003933         0   0.06984         4       640  0.006789    0.2632  0.002588 0.0007411     0.101  0.005243         0
    15/499     5.79G   0.06241  0.004204         0   0.06662         7       640   0.03227    0.2632   0.01921   0.00361   0.09196  0.005453         0
    16/499     5.79G   0.06349  0.004086         0   0.06757         4       640   0.06753    0.4211   0.04758   0.01169    0.0814  0.005615         0
    17/499     5.79G   0.05932  0.004389         0    0.0637         2       640    0.1218    0.3158   0.08075   0.01694   0.07876  0.005549         0
    18/499     5.79G   0.06055  0.004088         0   0.06464         1       640   0.07292    0.3684   0.04097  0.008307   0.07689   0.00586         0
    19/499     5.79G   0.05515  0.004647         0    0.0598         7       640    0.1539    0.4979      0.13   0.02636   0.07166  0.006159         0
    20/499     5.79G   0.05444  0.004209         0   0.05865         2       640    0.1946    0.4211    0.1215   0.03116   0.07662  0.005781         0
    21/499     5.79G   0.05226  0.004735         0     0.057         7       640      0.25    0.5263    0.2331    0.0344   0.07886   0.00544         0
    22/499     5.79G   0.05998  0.004148         0   0.06413         5       640     0.243    0.6316    0.2925   0.08004   0.07214  0.005778         0
    23/499     5.79G   0.04972  0.004322         0   0.05404         4       640    0.2915    0.4737    0.1707   0.03105   0.07897  0.005689         0
    24/499     5.79G   0.05696  0.004424         0   0.06139         6       640    0.1329    0.4211   0.08842    0.0316   0.07353  0.005862         0
    25/499     5.79G   0.05418  0.004461         0   0.05864         5       640    0.2142    0.3156     0.165   0.04804   0.07253  0.005636         0
    26/499     5.79G   0.06163  0.004134         0   0.06577         5       640     0.446    0.4737      0.29   0.07505   0.08477  0.004961         0
    27/499     5.79G   0.05707  0.004397         0   0.06147         4       640    0.2513    0.3158    0.1279   0.02707   0.08403  0.005066         0
    28/499      5.8G   0.05534  0.004169         0   0.05951         3       640    0.4041    0.2865    0.1924   0.06693   0.07748  0.005503         0
    29/499      5.8G   0.04966  0.004788         0   0.05445         3       640    0.2092    0.5789    0.1546   0.03083   0.07421  0.005643         0
    30/499      5.8G   0.05389  0.004434         0   0.05833         4       640      0.12    0.4737    0.1009   0.02726   0.07263  0.005593         0
    31/499      5.8G   0.05083  0.004462         0   0.05529         4       640    0.1485    0.4737    0.1205   0.04791   0.07228   0.00555         0
    32/499      5.8G   0.05584  0.004131         0   0.05997         8       640     0.138    0.4737   0.09533   0.02893   0.07261  0.005524         0
    33/499      5.8G   0.06224  0.004137         0   0.06638         8       640    0.3038    0.3158    0.2075   0.06453   0.08447  0.005372         0
    34/499      5.8G   0.05596  0.004836         0   0.06079        10       640    0.1436    0.3684    0.1197   0.03633   0.07764  0.005709         0
    35/499      5.8G   0.05153  0.004607         0   0.05613        12       640    0.2722    0.1579   0.08487    0.0189    0.0776  0.005495         0
    36/499      5.8G   0.05119  0.004428         0   0.05561         6       640     0.395    0.3684    0.2683   0.04973    0.0697  0.005523         0
    37/499      5.8G   0.05131  0.004664         0   0.05598         5       640     0.481    0.4211    0.3296   0.07938   0.06766  0.005764         0
    38/499      5.8G   0.04876  0.003901         0   0.05266         4       640    0.3447    0.3684    0.3681   0.07645   0.06991  0.005504         0
    39/499      5.8G   0.04727  0.004694         0   0.05196         6       640   0.06894    0.1579   0.03965   0.00744    0.0707  0.005726         0
    40/499      5.8G   0.04984  0.004451         0   0.05429         8       640   0.07414    0.3684   0.05096   0.01756   0.06489  0.006147         0
    41/499      5.8G   0.04945  0.004586         0   0.05404         6       640    0.1097    0.3158   0.06764   0.02054   0.07298  0.005594         0
    42/499      5.8G   0.05158  0.004551         0   0.05613         6       640    0.1572    0.3684    0.1529   0.04164   0.07858  0.005004         0
    43/499      5.8G   0.04643  0.004795         0   0.05122         4       640     0.121    0.4211    0.1031   0.02277   0.07353  0.005538         0
    44/499      5.8G   0.04521  0.004735         0   0.04995         2       640    0.3843    0.4211     0.287    0.1565    0.0658  0.005721         0
    45/499      5.8G   0.04447  0.004442         0   0.04891         4       640    0.6489    0.5263    0.5866    0.2759   0.06116   0.00595         0
    46/499      5.8G   0.04478  0.004834         0   0.04962         9       640    0.5783    0.5789    0.5438    0.1661   0.06735  0.005397         0
    47/499      5.8G   0.04583   0.00465         0   0.05048         3       640    0.6669    0.5789    0.5778    0.2403   0.06226  0.005734         0
    48/499      5.8G   0.04985  0.003773         0   0.05362         4       640    0.5852    0.5263    0.5103    0.1914   0.06393  0.005842         0
    49/499      5.8G   0.04504  0.004226         0   0.04926         4       640    0.3664    0.6316    0.5038    0.1832   0.06131   0.00557         0
    50/499      5.8G   0.04469  0.004669         0   0.04936         6       640    0.7251    0.5562    0.5542    0.1594   0.05928  0.005546         0
    51/499      5.8G   0.04333  0.004481         0   0.04781         8       640    0.7331    0.4737    0.5471    0.1822   0.06074  0.005328         0
    52/499      5.8G   0.03818   0.00482         0     0.043         4       640    0.7502    0.5263     0.618    0.2435   0.05732   0.00537         0
    53/499      5.8G   0.04141  0.004152         0   0.04556         2       640     0.558    0.6842    0.6602    0.1867   0.06041  0.005173         0
    54/499      5.8G   0.04102  0.004139         0   0.04516         6       640    0.8881    0.5263    0.6677      0.25   0.05773   0.00523         0
    55/499      5.8G   0.04101  0.004455         0   0.04546         6       640         1    0.5617    0.7848    0.3597   0.06213  0.005023         0
    56/499      5.8G   0.03998  0.004296         0   0.04428         4       640    0.9984    0.6316    0.7786    0.4082    0.0621  0.005059         0
    57/499      5.8G   0.03833  0.004223         0   0.04256         2       640    0.9158    0.5731    0.7394     0.322   0.05708  0.005353         0
    58/499      5.8G   0.03529  0.004598         0   0.03989         7       640    0.9974    0.6316    0.7553    0.3978   0.05327  0.005477         0
    59/499      5.8G   0.03528    0.0047         0   0.03998         8       640    0.8232    0.7355    0.7773    0.4185   0.04858  0.005529         0
    60/499      5.8G   0.03322  0.004096         0   0.03732         4       640    0.7619    0.6742     0.701    0.3917   0.05124  0.005423         0
    61/499      5.8G   0.03567  0.004203         0   0.03987         6       640    0.9285    0.6838    0.8098    0.4373   0.05326  0.005263         0
    62/499      5.8G   0.03508  0.004138         0   0.03922         4       640    0.6835     0.682    0.6786    0.3904   0.05324  0.005175         0
    63/499      5.8G   0.03332  0.004223         0   0.03754         2       640    0.7776     0.736    0.7219    0.3471   0.05388  0.005094         0
    64/499      5.8G   0.03498  0.004011         0   0.03899         6       640    0.8105    0.6758    0.7515     0.416   0.05322  0.004994         0
    65/499      5.8G   0.03486  0.004162         0   0.03902         5       640    0.7131    0.7895     0.831    0.4168   0.05418  0.004944         0
    66/499      5.8G   0.03384  0.004105         0   0.03795         3       640    0.7579    0.8421    0.8569    0.4955   0.04956  0.005011         0
    67/499      5.8G   0.03034  0.004038         0   0.03438         3       640    0.8209    0.7895    0.8355    0.4898   0.04877  0.005081         0
    68/499      5.8G   0.03548  0.003979         0   0.03946         5       640    0.8095    0.8947    0.8703    0.5897   0.04527  0.005119         0
    69/499      5.8G   0.03305  0.004419         0   0.03747         6       640    0.8119    0.6842     0.773    0.4922   0.04283  0.005436         0
    70/499      5.8G   0.03158  0.003865         0   0.03545         6       640         1    0.5778     0.789    0.5243   0.04356   0.00532         0
    71/499      5.8G   0.03356  0.004002         0   0.03756         3       640    0.9285    0.6838    0.8529    0.4026   0.05304  0.004932         0
    72/499      5.8G   0.03815  0.003728         0   0.04188         6       640     0.866    0.8421    0.8837     0.586   0.04964  0.004916         0
    73/499      5.8G   0.03574  0.003891         0   0.03963         4       640    0.8931    0.8947    0.8953    0.5364   0.04843  0.004827         0
    74/499      5.8G   0.03176  0.004168         0   0.03593         7       640    0.8935    0.8838    0.9149    0.5737   0.04642  0.004876         0
    75/499      5.8G   0.03292  0.003668         0   0.03658         8       640      0.85    0.8944    0.8985    0.4878     0.053  0.004727         0
    76/499      5.8G   0.03617  0.003825         0   0.03999         6       640    0.8569    0.9453    0.9114    0.5067   0.04802   0.00476         0
    77/499      5.8G   0.03159  0.003656         0   0.03525         4       640     0.809    0.8919    0.8663      0.53   0.05058  0.004633         0
    78/499      5.8G   0.02926  0.003921         0   0.03318         6       640    0.8999    0.9468    0.9159    0.5772   0.04919  0.004556         0
    79/499      5.8G   0.02961  0.004459         0   0.03406         4       640       0.9    0.9473    0.9141    0.5993   0.05014  0.004487         0
    80/499      5.8G   0.03106  0.004265         0   0.03533         6       640    0.8178    0.9474    0.9108    0.5743   0.04857  0.004533         0
    81/499      5.8G   0.02989  0.003715         0    0.0336         2       640     0.818    0.9474    0.9116    0.6018   0.04503  0.004649         0
    82/499      5.8G   0.02908  0.003949         0   0.03303         4       640    0.9371    0.7895    0.9115    0.5859   0.04164  0.004789         0
    83/499      5.8G   0.02738    0.0036         0   0.03098         5       640    0.8175    0.9474    0.9112    0.5662   0.04246  0.004727         0
    84/499      5.8G   0.03053  0.003736         0   0.03426         5       640    0.8943    0.8911     0.915    0.5323   0.04241  0.004721         0
    85/499      5.8G   0.03205   0.00405         0    0.0361        10       640    0.7814    0.9474    0.8967    0.5789   0.04133  0.004664         0
    86/499      5.8G   0.02813  0.003689         0   0.03182         4       640    0.8181     0.947    0.8997    0.5498   0.04383  0.004615         0
    87/499      5.8G   0.02766  0.003447         0    0.0311         2       640    0.8182    0.9472    0.8979    0.5561   0.04352  0.004596         0
    88/499      5.8G   0.02756  0.003796         0   0.03135         3       640    0.8182    0.9473    0.8924    0.5555   0.04128  0.004596         0
    89/499      5.8G   0.02855  0.003654         0   0.03221         4       640    0.8181     0.947    0.8906    0.5538   0.04649  0.004501         0
    90/499      5.8G   0.02778  0.003911         0   0.03169         3       640    0.8498    0.8936    0.8931    0.5432    0.0421  0.004562         0
    91/499      5.8G   0.02586   0.00384         0    0.0297         7       640    0.7825    0.9474    0.8908    0.5221   0.04361  0.004545         0
    92/499      5.8G   0.03161  0.003552         0   0.03516         1       640    0.8499    0.8947    0.8946    0.5468   0.04144  0.004591         0
    93/499      5.8G   0.02652  0.003499         0   0.03002         3       640    0.8175    0.9474    0.8976    0.6017   0.04149  0.004547         0
    94/499      5.8G   0.02855  0.003613         0   0.03216         4       640    0.8888    0.8417    0.8919     0.633   0.04107  0.004633         0
    95/499      5.8G   0.02706  0.004058         0   0.03112         8       640    0.8542    0.9474    0.8945    0.6041   0.04106  0.004599         0
    96/499      5.8G   0.02777  0.003506         0   0.03127         3       640    0.8181    0.9471    0.8996     0.591   0.04329   0.00453         0
    97/499      5.8G   0.02814  0.003651         0   0.03179         5       640      0.94    0.8421    0.8939    0.5732   0.04345  0.004443         0
    98/499      5.8G   0.02564  0.003185         0   0.02883         4       640    0.8991    0.9474    0.9097     0.633   0.03935  0.004467         0
    99/499      5.8G   0.02452  0.003404         0   0.02792         4       640    0.8571    0.9474    0.9046    0.5836   0.03941   0.00449         0
   100/499      5.8G   0.02624  0.003425         0   0.02966         2       640    0.8995    0.9474    0.9077    0.5878   0.03865  0.004563         0
   101/499      5.8G   0.02397  0.003737         0    0.0277         8       640    0.8995    0.9474    0.9095    0.6151   0.04027  0.004446         0
   102/499      5.8G   0.02557  0.003491         0   0.02906         3       640    0.8998    0.9474    0.9095    0.6715   0.03875  0.004413         0
   103/499      5.8G   0.02482  0.003423         0   0.02824         6       640    0.8996    0.9474    0.9041    0.6202   0.03966  0.004385         0
   104/499      5.8G   0.02529  0.003192         0   0.02848         4       640    0.8998    0.9474    0.9107    0.6153   0.03685   0.00441         0
   105/499      5.8G    0.0266  0.003341         0   0.02994         4       640    0.8571    0.9471    0.8904    0.6091   0.03845  0.004352         0
   106/499      5.8G   0.02551  0.003517         0   0.02903         4       640    0.8562    0.9474    0.8929    0.6427   0.03783  0.004367         0
   107/499      5.8G   0.02846  0.003046         0    0.0315         6       640    0.8558    0.9474    0.8942    0.6122   0.03718  0.004309         0
   108/499      5.8G   0.02682  0.003306         0   0.03013         2       640    0.8943    0.8947    0.9031    0.6196    0.0377  0.004232         0
   109/499      5.8G   0.02488  0.003368         0   0.02825         4       640    0.8569    0.9455     0.909     0.522   0.03848  0.004198         0
   110/499      5.8G   0.02515  0.003619         0   0.02877         6       640       0.9    0.9472    0.9117    0.6204   0.03853  0.004167         0
   111/499      5.8G   0.02381  0.003445         0   0.02726         3       640    0.8999    0.9467    0.9049    0.6273   0.03717  0.004209         0
   112/499      5.8G   0.02542  0.003237         0   0.02866         7       640    0.8996    0.9474    0.8989    0.6455   0.03983  0.004035         0
   113/499      5.8G   0.02392  0.003348         0   0.02727         4       640       0.9    0.9474    0.9024    0.6183   0.04045  0.004017         0
   114/499      5.8G   0.02516  0.003088         0   0.02825         5       640    0.9444    0.8947    0.9174    0.6327   0.03717  0.004089         0
   115/499      5.8G   0.02576  0.003231         0   0.02899         4       640    0.8571    0.9474    0.9202     0.556   0.04227  0.004041         0
   116/499      5.8G    0.0277  0.002999         0    0.0307         2       640       0.9    0.9474    0.9193    0.5561   0.03957  0.004085         0
   117/499      5.8G   0.02665   0.00294         0   0.02959         2       640    0.8994    0.9474    0.9257    0.6038   0.04023   0.00407         0
   118/499      5.8G    0.0237  0.003063         0   0.02676         5       640    0.9469    0.9474    0.9288    0.6367   0.04159  0.003964         0
   119/499      5.8G   0.02498  0.003254         0   0.02823         3       640    0.8994    0.9474     0.924    0.5925   0.04212  0.004104         0
   120/499      5.8G   0.02841   0.00278         0   0.03119         4       640     0.947    0.9474    0.9107    0.5728   0.04218  0.004096         0
   121/499      5.8G   0.02513  0.002987         0   0.02812         6       640    0.9343    0.8947    0.9214    0.6253   0.04257  0.003986         0
   122/499      5.8G   0.02426  0.003349         0   0.02761         3       640    0.8566    0.9474    0.9007    0.6058   0.04117  0.004024         0
   123/499      5.8G   0.02268  0.003012         0   0.02569         4       640    0.8571    0.9474    0.8902    0.5903    0.0382  0.004063         0
   124/499      5.8G   0.02613  0.003139         0   0.02927         6       640    0.8999    0.9474    0.8877    0.5485   0.03947  0.004091         0
   125/499      5.8G   0.02705  0.003227         0   0.03028         3       640    0.8999    0.9474     0.879    0.5746   0.03879  0.004099         0
   126/499      5.8G   0.02197  0.003029         0     0.025         5       640    0.8999    0.9474    0.8906    0.5994   0.03855  0.004096         0
   127/499      5.8G   0.02166  0.003375         0   0.02503         3       640    0.8999    0.9474     0.902    0.6317   0.03714  0.004139         0
   128/499      5.8G   0.02499  0.003174         0   0.02817         1       640    0.8998    0.9474    0.9047    0.6051   0.03704  0.004181         0
   129/499      5.8G   0.02428  0.003083         0   0.02736         7       640       0.9    0.9474    0.9175    0.6201   0.03558  0.004136         0
   130/499      5.8G   0.02146  0.003002         0   0.02446         4       640    0.9474    0.9472    0.9146    0.6397   0.03536  0.004103         0
   131/499      5.8G   0.02183  0.003243         0   0.02507         5       640    0.9473    0.9468    0.9043    0.6397   0.03458   0.00416         0
   132/499      5.8G   0.02328  0.002844         0   0.02612         3       640    0.8996    0.9474    0.9034    0.5899   0.03573  0.004119         0
   133/499      5.8G   0.02258  0.002858         0   0.02544         4       640       0.9    0.9472    0.9152    0.6343   0.03613  0.004049         0
   134/499      5.8G   0.02231  0.003112         0   0.02542         5       640    0.8998    0.9474    0.9064    0.6503   0.03541  0.004073         0
   135/499      5.8G    0.0219  0.002946         0   0.02485         4       640       0.9    0.9474    0.9003    0.6345   0.03575  0.004096         0
   136/499      5.8G   0.02455  0.003406         0   0.02796         9       640    0.8989    0.9474    0.9003    0.6434   0.03511  0.004099         0
   137/499      5.8G   0.02252  0.002803         0   0.02532         6       640       0.9    0.9471    0.9022    0.6187   0.03502  0.004098         0
   138/499      5.8G   0.02024  0.003436         0   0.02368         6       640       0.9    0.9473    0.9179    0.6587   0.03413   0.00411         0
   139/499      5.8G   0.02308  0.002935         0   0.02602         5       640       0.9    0.9473     0.918    0.5653   0.03712  0.004087         0
   140/499      5.8G   0.02718    0.0029         0   0.03008        10       640       0.9    0.9473    0.9209    0.6435   0.03294  0.004156         0
   141/499      5.8G   0.02217  0.003146         0   0.02531         5       640       0.9    0.9473    0.9242    0.6493   0.03892  0.004037         0
   142/499      5.8G   0.02344  0.003634         0   0.02708         4       640       0.9    0.9473     0.918    0.6901   0.03575  0.004099         0
   143/499      5.8G   0.02071  0.003217         0   0.02392         5       640       0.9    0.9473    0.9152    0.6483   0.03577  0.004048         0
   144/499      5.8G   0.02292  0.003057         0   0.02598         4       640    0.8999    0.9474    0.9003     0.657   0.03546  0.004124         0
   145/499      5.8G   0.02106  0.003336         0    0.0244         1       640       0.9    0.9472    0.9001     0.604   0.03852  0.004083         0
   146/499      5.8G   0.01982  0.003089         0   0.02291         3       640       0.9    0.9473     0.914    0.6636   0.03453  0.004133         0
   147/499      5.8G   0.02189  0.003116         0   0.02501         9       640    0.9474    0.9473    0.9047    0.6346   0.03448   0.00411         0
   148/499      5.8G   0.02463  0.002887         0   0.02752         1       640    0.9472    0.9474    0.9036    0.5561   0.03541  0.003978         0
   149/499      5.8G   0.02291  0.003049         0   0.02596         7       640    0.9474    0.9472    0.8968    0.6511    0.0351  0.003977         0
   150/499      5.8G   0.02044  0.003294         0   0.02373         8       640    0.9472    0.9474    0.8972    0.6224   0.03464  0.004034         0
   151/499      5.8G   0.02157  0.002783         0   0.02436         5       640    0.9473    0.9474    0.8954    0.6672   0.03408  0.003967         0
   152/499      5.8G   0.02342  0.002958         0   0.02638         5       640    0.9474    0.9471    0.8954    0.6692   0.03461  0.004022         0
   153/499      5.8G   0.02096  0.002774         0   0.02373         3       640       0.9     0.947    0.9024    0.6453   0.03214  0.004122         0
   154/499      5.8G    0.0213  0.002596         0    0.0239         4       640     0.857    0.9474     0.911     0.692   0.03358  0.004011         0
   155/499      5.8G   0.02157  0.003033         0    0.0246         5       640    0.9444    0.8946    0.9175    0.6743   0.03412  0.003968         0
   156/499      5.8G   0.02232  0.002806         0   0.02513         6       640    0.9474    0.9471    0.9252    0.6554   0.03596  0.004048         0
   157/499      5.8G   0.02353     0.003         0   0.02653         4       640    0.9444    0.8947    0.9124    0.6695   0.03405  0.004181         0
   158/499      5.8G   0.01985  0.002782         0   0.02263         4       640    0.9442    0.8947    0.8999    0.6588   0.03229    0.0043         0
   159/499      5.8G   0.01948  0.003299         0   0.02278         4       640    0.9443    0.8947    0.8934    0.6586   0.03259  0.004173         0
   160/499      5.8G   0.02078  0.002518         0    0.0233         3       640       0.9    0.9472    0.9007    0.6242   0.03559  0.004031         0
   161/499      5.8G   0.02299  0.002744         0   0.02574         2       640    0.9474    0.9473       0.9    0.6439   0.03352  0.004011         0
   162/499      5.8G   0.01986  0.003195         0   0.02306         6       640       0.9    0.9474    0.8927    0.6195   0.03333  0.004062         0
   163/499      5.8G   0.01942  0.002648         0   0.02206         1       640       0.9    0.9472    0.8883    0.6085   0.03116  0.004112         0
   164/499      5.8G   0.02287  0.002574         0   0.02545         4       640    0.8999    0.9474    0.8914     0.619   0.03252  0.004113         0
   165/499      5.8G   0.02265  0.002833         0   0.02548         4       640    0.8945    0.8947    0.8963    0.6362   0.03259  0.004036         0
   166/499      5.8G   0.02121  0.002784         0   0.02399         5       640    0.9441    0.8947    0.8941    0.6163   0.03215  0.003987         0
   167/499      5.8G   0.02002  0.003083         0    0.0231         7       640    0.9444    0.8944    0.8913    0.6694   0.03154  0.003994         0
   168/499      5.8G   0.01902  0.002949         0   0.02197         4       640       0.9    0.9473    0.8935    0.6627   0.03175  0.003951         0
   169/499      5.8G   0.01984  0.002882         0   0.02272         4       640    0.9472    0.9474    0.9003    0.6354   0.03249  0.003887         0
   170/499      5.8G   0.01867  0.002998         0   0.02167         3       640    0.9473    0.9474    0.9009    0.7135   0.02991  0.003929         0
   171/499      5.8G    0.0206   0.00309         0   0.02369         7       640    0.9474    0.9474    0.9037    0.7029   0.03155   0.00395         0
   172/499      5.8G   0.02272  0.003048         0   0.02577        10       640    0.9474    0.9473    0.9064    0.6606   0.03179  0.003946         0
   173/499      5.8G   0.02106  0.002766         0   0.02382         6       640    0.8947    0.8947    0.8968    0.6577   0.03376  0.003912         0
   174/499      5.8G   0.01995   0.00242         0   0.02237         4       640    0.8947    0.8947    0.8894    0.6629    0.0309  0.004045         0
   175/499      5.8G   0.02244  0.002968         0   0.02541         7       640    0.8946    0.8947    0.8877    0.6505   0.02939  0.004063         0
   176/499      5.8G   0.02072  0.003029         0   0.02375         4       640    0.8947    0.8946    0.8843     0.654   0.03189  0.004022         0
   177/499      5.8G   0.01851  0.002655         0   0.02117         3       640    0.8571    0.9474    0.8984    0.6689   0.03114   0.00403         0
   178/499      5.8G   0.01909  0.002756         0   0.02185         2       640    0.8998    0.9474    0.9033    0.6543    0.0312  0.003968         0
   179/499      5.8G   0.01789  0.003232         0   0.02112         7       640    0.8999    0.9474    0.9035    0.6695   0.03028   0.00396         0
   180/499      5.8G   0.01951  0.002938         0   0.02245         8       640    0.9474    0.9474    0.9093    0.6681   0.03156   0.00392         0
   181/499      5.8G   0.01852  0.003021         0   0.02155         4       640    0.9473    0.9474    0.9093    0.6709   0.02947  0.003916         0
   182/499      5.8G   0.01841  0.002502         0   0.02091         2       640    0.9474    0.9473    0.9094    0.7149   0.02976  0.003826         0
   183/499      5.8G    0.0182  0.002791         0   0.02099         7       640    0.9473    0.9474    0.9095      0.69   0.03201  0.003822         0
   184/499      5.8G   0.01953  0.003006         0   0.02254         6       640    0.9474    0.9473    0.9038    0.6933   0.03036  0.003819         0
   185/499      5.8G   0.02083  0.002532         0   0.02336         8       640    0.9472    0.9474    0.9116     0.656   0.02993  0.003763         0
   186/499      5.8G    0.0202   0.00315         0   0.02335         5       640    0.9473    0.9474    0.9121    0.7326   0.03048  0.003815         0
   187/499      5.8G   0.02076  0.002672         0   0.02343         4       640    0.9474    0.9474    0.9099    0.7184   0.02972  0.003868         0
   188/499      5.8G   0.02379  0.002585         0   0.02638         8       640    0.9473    0.9474    0.9146    0.7072   0.02672  0.003989         0
   189/499      5.8G   0.01914  0.002628         0   0.02176         3       640    0.9474    0.9472    0.9155    0.7004   0.02852  0.003989         0
   190/499      5.8G   0.01681  0.002771         0   0.01958         3       640    0.9474    0.9473    0.9158    0.7068   0.02821  0.003982         0
   191/499      5.8G   0.01761  0.002643         0   0.02025         3       640    0.9474    0.9471    0.9177    0.7156   0.02803  0.003994         0
   192/499      5.8G   0.01879   0.00274         0   0.02153         7       640    0.9474    0.9473     0.916    0.7051   0.02863  0.003942         0
   193/499      5.8G   0.01984  0.002781         0   0.02262         5       640    0.9472    0.9474    0.9156    0.7524   0.02754  0.003916         0
   194/499      5.8G   0.01724  0.002466         0   0.01971         4       640    0.9473    0.9474    0.9239    0.7551   0.02662  0.003878         0
   195/499      5.8G   0.01872  0.002417         0   0.02113         3       640    0.9474    0.9474    0.9283    0.7436   0.02785  0.003928         0
   196/499      5.8G   0.02207  0.002704         0   0.02477         6       640    0.9472    0.9474    0.9342    0.6808   0.02819  0.003912         0
   197/499      5.8G   0.02026  0.002664         0   0.02293         7       640    0.9474    0.9472    0.9362     0.703   0.03069  0.003794         0
   198/499      5.8G   0.01945  0.002656         0    0.0221         5       640    0.9444    0.8946     0.917    0.7087   0.02831  0.003906         0
   199/499      5.8G   0.01723  0.002995         0   0.02023         6       640    0.8946    0.8947    0.8993    0.6886   0.02869  0.003936         0
   200/499      5.8G   0.01923  0.002757         0   0.02199         4       640       0.9     0.947    0.9015    0.6643   0.03059  0.003953         0
   201/499      5.8G   0.01968  0.002327         0   0.02201         3       640     0.857    0.9474    0.8998    0.6624    0.0286  0.003956         0
   202/499      5.8G    0.0159  0.002622         0   0.01852         5       640    0.9469    0.9474    0.9153    0.6924    0.0271  0.003952         0
   203/499      5.8G   0.01645  0.002799         0   0.01925         5       640    0.9474    0.9474     0.916    0.6757   0.02846  0.003973         0
   204/499      5.8G   0.01838  0.002383         0   0.02076         2       640    0.9474    0.9473    0.9213    0.6936   0.02831    0.0039         0
   205/499      5.8G   0.01648  0.002665         0   0.01915         5       640    0.9474    0.9474    0.9279    0.7074   0.02994  0.003814         0
   206/499      5.8G   0.01605  0.002464         0   0.01852         4       640    0.9474    0.9473    0.9388    0.7241   0.02807  0.003798         0
   207/499      5.8G   0.01665  0.002315         0   0.01896         3       640    0.9473    0.9474    0.9488    0.7201   0.02729  0.003789         0
   208/499      5.8G   0.01578  0.002376         0   0.01815         3       640    0.9473    0.9474    0.9471    0.7154    0.0284  0.003753         0
   209/499      5.8G   0.01732  0.002537         0   0.01985         5       640    0.9473    0.9474    0.9284    0.6802   0.03037  0.003722         0
   210/499      5.8G   0.01884  0.002636         0   0.02147         5       640    0.9474    0.9473    0.9392    0.7155    0.0283  0.003745         0
   211/499      5.8G   0.01652  0.002698         0   0.01922         4       640    0.9473    0.9474    0.9339     0.729   0.02724  0.003709         0
   212/499      5.8G   0.01823  0.002466         0   0.02069         5       640    0.9474    0.9473    0.9474    0.7439   0.02852  0.003698         0
   213/499      5.8G   0.01833  0.002503         0   0.02083         2       640    0.9474    0.9473    0.9566    0.7521   0.02775   0.00371         0
   214/499      5.8G    0.0174  0.002309         0   0.01971         4       640    0.9474    0.9473    0.9492    0.7292   0.02767  0.003688         0
   215/499      5.8G   0.01798  0.002456         0   0.02044         8       640    0.9474    0.9474    0.9485    0.6951   0.03174  0.003676         0
   216/499      5.8G   0.02064  0.002461         0   0.02311         3       640    0.9474    0.9474    0.9521    0.7471   0.03025  0.003635         0
   217/499      5.8G   0.01738  0.002443         0   0.01982         7       640    0.9474    0.9472    0.9505    0.7287   0.03019  0.003631         0
   218/499      5.8G   0.01771  0.002475         0   0.02019         5       640    0.9473    0.9474     0.951    0.7765   0.02655  0.003672         0
   219/499      5.8G   0.01654  0.002479         0   0.01902         2       640    0.9473    0.9474    0.9546    0.7452   0.02649  0.003722         0
   220/499      5.8G   0.01638  0.002449         0   0.01883         4       640    0.9472    0.9474     0.955    0.7636   0.02628   0.00379         0
   221/499      5.8G    0.0181  0.002319         0   0.02042         3       640     0.947    0.9474    0.9544    0.7294   0.02916  0.003782         0
   222/499      5.8G   0.01678  0.002933         0   0.01971         7       640    0.9474    0.9471    0.9561    0.7296   0.02836  0.003787         0
   223/499      5.8G     0.017   0.00232         0   0.01933         4       640    0.9474    0.9474    0.9551     0.736   0.02993  0.003726         0
   224/499      5.8G   0.01908  0.002503         0   0.02158         4       640    0.9998    0.9474    0.9594    0.7453   0.02804  0.003667         0
   225/499      5.8G   0.01584  0.002317         0   0.01815         3       640         1    0.9473    0.9584    0.7256   0.02691  0.003602         0
   226/499      5.8G    0.0157  0.002615         0   0.01831         6       640         1     0.947    0.9579    0.7395   0.02827   0.00357         0
   227/499      5.8G   0.01627  0.002648         0   0.01892         5       640    0.9471    0.9474    0.9517    0.7284    0.0274  0.003634         0
   228/499      5.8G   0.01699  0.002347         0   0.01933         4       640    0.9474    0.9471    0.9534    0.7144   0.02834   0.00368         0
   229/499      5.8G   0.01888  0.002292         0   0.02118         5       640    0.9474    0.9473    0.9553    0.7172    0.0296  0.003561         0
   230/499      5.8G   0.01617  0.002358         0   0.01853         5       640    0.9471    0.9474     0.957    0.7026   0.03138  0.003519         0
   231/499      5.8G   0.01636  0.002121         0   0.01848         3       640    0.9474    0.9472    0.9605     0.735   0.02829   0.00352         0
   232/499      5.8G   0.01835  0.002091         0   0.02044         8       640    0.9474    0.9473    0.9602    0.7336   0.02745  0.003511         0
   233/499      5.8G   0.01884  0.002619         0   0.02146         4       640         1    0.9468    0.9635    0.7508   0.02706   0.00347         0
   234/499      5.8G    0.0154  0.002301         0   0.01771         5       640    0.9999    0.9474    0.9619    0.7468   0.02731  0.003424         0
   235/499      5.8G   0.01438  0.002368         0   0.01675         7       640    0.9997    0.9474    0.9639    0.7512   0.02816  0.003437         0
   236/499      5.8G    0.0159  0.002324         0   0.01822         3       640         1    0.9473    0.9651    0.7502    0.0259  0.003544         0
   237/499      5.8G   0.01613  0.002439         0   0.01857         7       640         1    0.9472    0.9664    0.7865     0.025  0.003558         0
   238/499      5.8G    0.0145  0.002374         0   0.01688         6       640    0.9473    0.9474    0.9676    0.7584    0.0271  0.003532         0
   239/499      5.8G   0.01609  0.002254         0   0.01834         4       640    0.9474    0.9472    0.9664    0.7603   0.02549  0.003582         0
   240/499      5.8G   0.01643  0.002646         0   0.01907         9       640    0.9474    0.9473     0.968    0.7653   0.02601  0.003539         0
   241/499      5.8G   0.01556  0.002615         0   0.01817         8       640    0.9472    0.9474    0.9664    0.7291   0.02628  0.003518         0
   242/499      5.8G   0.01528  0.002219         0    0.0175         3       640         1    0.9471    0.9696     0.751   0.02741  0.003467         0
   243/499      5.8G   0.01547  0.002354         0   0.01782         4       640    0.9999    0.9474    0.9717    0.7022   0.02623  0.003492         0
   244/499      5.8G   0.01526  0.002512         0   0.01777        12       640    0.9474    0.9471    0.9706    0.7321    0.0265  0.003531         0
   245/499      5.8G   0.01576   0.00238         0   0.01814         5       640    0.9474    0.9472    0.9688    0.7374   0.02643  0.003563         0
   246/499      5.8G   0.01472  0.002283         0     0.017         3       640    0.8997    0.9474    0.9654    0.7144   0.02617  0.003588         0
   247/499      5.8G    0.0154  0.002372         0   0.01777         5       640    0.9473    0.9474    0.9679    0.7366   0.02544   0.00357         0
   248/499      5.8G   0.01629  0.001969         0   0.01826         5       640    0.9473    0.9474     0.968     0.738   0.02574  0.003546         0
   249/499      5.8G   0.01594  0.002398         0   0.01834         7       640    0.9474    0.9473     0.968    0.7317   0.02653  0.003604         0
   250/499      5.8G   0.01668  0.002269         0   0.01895         4       640    0.9473    0.9464    0.9686    0.7333   0.02693  0.003565         0
   251/499      5.8G   0.01417  0.002024         0   0.01619         4       640    0.9474    0.9473    0.9682    0.7093   0.02748  0.003506         0
   252/499      5.8G   0.01612  0.001984         0   0.01811         4       640    0.9474    0.9473    0.9682    0.7551   0.02562  0.003534         0
   253/499      5.8G   0.01769  0.002321         0   0.02001         7       640    0.9473    0.9474    0.9675    0.7515   0.02636   0.00352         0
   254/499      5.8G   0.01566  0.002227         0   0.01789         6       640    0.9473    0.9474    0.9664    0.7167   0.02967  0.003482         0
   255/499      5.8G   0.01504  0.002172         0   0.01721         6       640    0.9473    0.9474    0.9715    0.7536   0.02691  0.003493         0
   256/499      5.8G   0.01614  0.002401         0   0.01854         7       640    0.9474    0.9474    0.9706    0.7422    0.0278  0.003419         0
   257/499      5.8G    0.0142  0.002184         0   0.01638         3       640    0.9474    0.9473    0.9672    0.7407     0.028  0.003396         0
   258/499      5.8G   0.01361  0.002316         0   0.01592         6       640    0.9474    0.9473    0.9614     0.764   0.02764  0.003341         0
   259/499      5.8G   0.01377  0.002414         0   0.01618         9       640    0.9474    0.9474    0.9607    0.7597   0.02643   0.00336         0
   260/499      5.8G    0.0157  0.002151         0   0.01785         7       640    0.9473    0.9474    0.9675    0.7687   0.02716  0.003303         0
   261/499      5.8G   0.01575  0.001876         0   0.01762         3       640    0.9473    0.9474    0.9721    0.7565   0.02763  0.003317         0
   262/499      5.8G   0.01385  0.002217         0   0.01606         9       640    0.9474    0.9474    0.9766    0.7707   0.02594  0.003301         0
   263/499      5.8G   0.01511   0.00183         0   0.01694         3       640    0.9474    0.9473    0.9796    0.7765   0.02665  0.003254         0
   264/499      5.8G    0.0141  0.002146         0   0.01625        10       640    0.9473    0.9474    0.9822    0.7605   0.02607  0.003168         0
   265/499      5.8G   0.01452   0.00222         0   0.01674         3       640         1    0.9473    0.9849    0.7581   0.02603  0.003167         0
   266/499      5.8G   0.01404  0.002325         0   0.01637         2       640         1    0.9474    0.9849    0.7598   0.02502  0.003227         0
   267/499      5.8G   0.01552  0.002144         0   0.01766         8       640    0.9999    0.9474    0.9833    0.7412   0.02737  0.003255         0
   268/499      5.8G   0.01842  0.002082         0    0.0205         7       640    0.9998    0.9474    0.9793    0.7547   0.02391  0.003333         0
   269/499      5.8G   0.01572  0.002009         0   0.01773         4       640         1     0.947     0.976    0.7681   0.02374  0.003364         0
   270/499      5.8G    0.0146   0.00205         0   0.01665         6       640    0.9472    0.9474    0.9734    0.7648   0.02361  0.003357         0
   271/499      5.8G   0.01337  0.002144         0   0.01551         9       640    0.9471    0.9474    0.9744    0.7788   0.02395  0.003353         0
   272/499      5.8G   0.01376  0.002204         0   0.01596         7       640    0.9473    0.9474    0.9755    0.7552   0.02514  0.003331         0
   273/499      5.8G   0.01538  0.002046         0   0.01743         3       640         1    0.9472    0.9759    0.7467   0.02596  0.003267         0
   274/499      5.8G   0.01828  0.002219         0    0.0205         6       640         1    0.9472     0.975    0.7594   0.02437  0.003253         0
   275/499      5.8G   0.01569  0.002108         0   0.01779         5       640    0.9473    0.9474    0.9743     0.758   0.02412  0.003281         0
   276/499      5.8G   0.01574  0.002222         0   0.01796         7       640    0.9473    0.9474    0.9755    0.7539    0.0247  0.003295         0
   277/499      5.8G   0.01302  0.002055         0   0.01507         4       640         1    0.9472    0.9805    0.7582   0.02543  0.003292         0
   278/499      5.8G   0.01309  0.002276         0   0.01537         4       640    0.9998    0.9474     0.976    0.7303   0.02556  0.003289         0
   279/499      5.8G   0.01456   0.00216         0   0.01672         4       640         1    0.9472    0.9741    0.7453   0.02651  0.003288         0
   280/499      5.8G   0.01395  0.001873         0   0.01582         6       640         1    0.9471    0.9656    0.7407   0.02621  0.003322         0
   281/499      5.8G    0.0162  0.001967         0   0.01816         7       640         1    0.9474    0.9607    0.7369   0.02637  0.003322         0
   282/499      5.8G   0.01318  0.001804         0   0.01498         8       640    0.9999    0.9474    0.9585    0.7386   0.02511  0.003308         0
   283/499      5.8G   0.01309  0.001947         0   0.01504         7       640         1    0.9471    0.9602     0.746   0.02625  0.003201         0
   284/499      5.8G   0.01422  0.002261         0   0.01648         9       640         1    0.9471    0.9604    0.7251   0.02749  0.003161         0
   285/499      5.8G    0.0147  0.002023         0   0.01673         5       640         1    0.9471    0.9587    0.7189   0.02551  0.003254         0
   286/499      5.8G   0.01385  0.001841         0   0.01569         5       640    0.9997    0.9474    0.9584    0.7582   0.02578   0.00326         0
   287/499      5.8G   0.01399  0.002102         0    0.0161         8       640    0.9998    0.9474    0.9574    0.7318   0.02481  0.003295         0
   288/499      5.8G   0.01374  0.001838         0   0.01558         3       640    0.9999    0.9474    0.9618    0.7104   0.02591  0.003317         0
   289/499      5.8G   0.01428  0.001921         0    0.0162         6       640    0.9472    0.9474    0.9618    0.6992   0.02636  0.003322         0
   290/499      5.8G   0.01247  0.001865         0   0.01434         3       640    0.9473    0.9474    0.9654    0.6856   0.02769   0.00328         0
   291/499      5.8G   0.01214  0.002042         0   0.01418         2       640         1    0.9472    0.9686    0.7023   0.02569   0.00329         0
   292/499      5.8G   0.01355  0.002219         0   0.01577         4       640         1    0.9473    0.9686    0.7144   0.02597  0.003305         0
   293/499      5.8G   0.01421  0.001949         0   0.01616         3       640    0.9999    0.9474    0.9734    0.7218   0.02553  0.003286         0
   294/499      5.8G   0.01364  0.002135         0   0.01578         6       640    0.9998    0.9474    0.9742    0.7233   0.02622  0.003231         0
   295/499      5.8G   0.01362  0.001943         0   0.01556         5       640         1    0.9474    0.9742    0.7057   0.02567  0.003241         0
   296/499      5.8G   0.01335  0.002155         0   0.01551         7       640    0.9999    0.9474    0.9771     0.698   0.02629  0.003238         0
   297/499      5.8G   0.01223  0.002123         0   0.01435         5       640    0.9998    0.9474    0.9771    0.7217   0.02563   0.00321         0
   298/499      5.8G   0.01174   0.00203         0   0.01377         3       640         1    0.9469    0.9751    0.7438   0.02543  0.003171         0
   299/499      5.8G   0.01163  0.001984         0   0.01361         2       640    0.9997    0.9474    0.9751    0.7629   0.02473  0.003135         0
   300/499      5.8G   0.01274  0.002034         0   0.01478         4       640    0.9999    0.9474    0.9734    0.7566   0.02402  0.003118         0
   301/499      5.8G   0.01261  0.002089         0    0.0147         3       640    0.9999    0.9474    0.9751    0.7453   0.02384  0.003117         0
   302/499      5.8G   0.01312  0.002051         0   0.01517         6       640         1    0.9474    0.9752     0.766   0.02402  0.003097         0
   303/499      5.8G   0.01412   0.00198         0    0.0161         4       640    0.9999    0.9474    0.9743    0.7629   0.02328  0.003151         0
   304/499      5.8G   0.01219  0.002021         0   0.01421         7       640    0.9999    0.9474    0.9734    0.7813   0.02255  0.003225         0
   305/499      5.8G    0.0127  0.002025         0   0.01472         2       640         1    0.9474    0.9719     0.766   0.02311  0.003198         0
   306/499      5.8G   0.01151   0.00171         0   0.01322         3       640         1    0.9474    0.9752    0.7425   0.02424  0.003223         0
   307/499      5.8G    0.0126  0.002139         0   0.01474         9       640         1    0.9473    0.9782    0.7466   0.02439  0.003182         0
   308/499      5.8G   0.01184  0.001793         0   0.01364         5       640    0.9472    0.9474    0.9767    0.7525   0.02379  0.003184         0
   309/499      5.8G   0.01327  0.002069         0   0.01534         3       640         1    0.9471    0.9806    0.7508   0.02448  0.003222         0
   310/499      5.8G   0.01351  0.001774         0   0.01529         5       640    0.9997    0.9474    0.9807    0.7418   0.02307  0.003195         0
   311/499      5.8G   0.01153  0.001986         0   0.01351         2       640         1    0.9471    0.9807    0.7392   0.02351  0.003194         0
   312/499      5.8G    0.0124  0.002073         0   0.01447         6       640         1    0.9472    0.9807    0.7415   0.02311  0.003197         0
   313/499      5.8G   0.01193  0.001806         0   0.01374         3       640         1    0.9474    0.9807     0.742   0.02317   0.00318         0
   314/499      5.8G   0.01216    0.0019         0   0.01406         3       640         1    0.9473    0.9807    0.7403   0.02311  0.003183         0
   315/499      5.8G   0.01154  0.001666         0    0.0132         5       640         1    0.9473    0.9807    0.7618   0.02278  0.003159         0
   316/499      5.8G   0.01168  0.001772         0   0.01345         4       640         1    0.9473    0.9807    0.7722   0.02241  0.003151         0
   317/499      5.8G   0.01265   0.00193         0   0.01458         8       640         1    0.9473    0.9807    0.7589   0.02399  0.003119         0
   318/499      5.8G   0.01242  0.001875         0   0.01429         8       640    0.9998    0.9474    0.9807    0.7857   0.02243  0.003121         0
   319/499      5.8G   0.01143  0.001747         0   0.01318         4       640         1    0.9472    0.9806    0.7792   0.02216  0.003083         0
   320/499      5.8G   0.01089  0.001995         0   0.01288        11       640    0.9998    0.9474    0.9772    0.7756   0.02319  0.003086         0
   321/499      5.8G   0.01187  0.001788         0   0.01365         2       640         1    0.9474    0.9719    0.7523   0.02327  0.003133         0
   322/499      5.8G    0.0115  0.001793         0   0.01329         4       640         1    0.9472    0.9657    0.7687   0.02357  0.003187         0
   323/499      5.8G   0.01103  0.001637         0   0.01266         3       640         1    0.9474    0.9649    0.7647   0.02283  0.003169         0
   324/499      5.8G   0.01327  0.002048         0   0.01532         6       640         1    0.9474    0.9657    0.7742   0.02318  0.003138         0
   325/499      5.8G   0.01217  0.001721         0   0.01389         5       640         1    0.9474    0.9726    0.7583   0.02446  0.003146         0
   326/499      5.8G    0.0119  0.001849         0   0.01375         4       640         1    0.9474    0.9772     0.766   0.02338  0.003199         0
   327/499      5.8G   0.01066  0.001635         0    0.0123         6       640         1    0.9472    0.9783    0.7634   0.02338  0.003201         0
   328/499      5.8G   0.01113  0.001907         0   0.01304         3       640    0.9999    0.9474    0.9762    0.7498   0.02381  0.003224         0
   329/499      5.8G   0.01071  0.001806         0   0.01251         7       640         1    0.9471    0.9783    0.7572   0.02439  0.003194         0
   330/499      5.8G   0.01079  0.001966         0   0.01275         4       640         1    0.9473    0.9783    0.7626   0.02579  0.003112         0
   331/499      5.8G    0.0114  0.001933         0   0.01333         6       640         1    0.9471    0.9783    0.7529   0.02389  0.003107         0
   332/499      5.8G   0.01137  0.001831         0    0.0132         4       640    0.9997    0.9474    0.9772     0.775    0.0237  0.003102         0
   333/499      5.8G   0.01076   0.00167         0   0.01243         4       640         1    0.9474    0.9761    0.7894   0.02286  0.003077         0
   334/499      5.8G   0.01104  0.001633         0   0.01267         3       640    0.9999    0.9474    0.9772     0.803    0.0216  0.003144         0
   335/499      5.8G   0.01174  0.001788         0   0.01352         6       640    0.9999    0.9474    0.9772    0.7827   0.02208  0.003152         0
   336/499      5.8G   0.01106  0.001644         0   0.01271         2       640         1    0.9474    0.9795    0.7813   0.02225  0.003164         0
   337/499      5.8G   0.01069  0.001873         0   0.01256         6       640    0.9998    0.9474    0.9851    0.7998   0.02207  0.003156         0
   338/499      5.8G   0.01183  0.001788         0   0.01362         6       640    0.9472    0.9474    0.9809    0.7971    0.0223  0.003161         0
   339/499      5.8G   0.01136  0.001795         0   0.01316         6       640    0.9472    0.9474    0.9795    0.7916   0.02253  0.003159         0
   340/499      5.8G   0.01176  0.001701         0   0.01346         5       640    0.9472    0.9474    0.9781    0.7927   0.02215  0.003172         0
   341/499      5.8G   0.01075  0.001685         0   0.01244         6       640    0.9474    0.9472    0.9781    0.7611    0.0227  0.003162         0
   342/499      5.8G   0.01076  0.001566         0   0.01232         5       640    0.9472    0.9474     0.981    0.7776   0.02338  0.003168         0
   343/499      5.8G   0.01127  0.002104         0   0.01337         7       640    0.9473    0.9461    0.9825    0.7738   0.02388  0.003149         0
   344/499      5.8G   0.01087  0.001798         0   0.01267         3       640    0.9998    0.8947    0.9801    0.7719   0.02408  0.003109         0
   345/499      5.8G    0.0112  0.001651         0   0.01285         3       640    0.9464    0.9474    0.9842    0.7728     0.024  0.003143         0
   346/499      5.8G   0.01156  0.001848         0   0.01341         4       640    0.9474    0.9472    0.9825    0.7706   0.02361  0.003148         0
   347/499      5.8G   0.01069  0.001609         0    0.0123         6       640    0.9474    0.9472    0.9825    0.7737    0.0236  0.003133         0
   348/499      5.8G   0.01008  0.001737         0   0.01181         4       640    0.9473    0.9474    0.9825    0.7575   0.02335  0.003148         0
   349/499      5.8G   0.01048   0.00167         0   0.01215         4       640    0.9999    0.9474    0.9851    0.7479   0.02374  0.003127         0
   350/499      5.8G   0.01135  0.001782         0   0.01313         7       640         1    0.9472    0.9851    0.7352   0.02444    0.0031         0
   351/499      5.8G    0.0103  0.001497         0    0.0118         1       640         1    0.9472    0.9851    0.7454   0.02425  0.003089         0
   352/499      5.8G   0.01096  0.001714         0   0.01267        11       640         1    0.9473    0.9835    0.7752   0.02344  0.003104         0
   353/499      5.8G    0.0119   0.00175         0   0.01365         6       640    0.9998    0.9474    0.9807    0.7817    0.0231  0.003078         0
   354/499      5.8G   0.01041  0.001753         0   0.01216         2       640    0.9999    0.9474    0.9807    0.7598   0.02351  0.003107         0
   355/499      5.8G   0.01045  0.001506         0   0.01196         4       640    0.9999    0.9474    0.9807    0.7562   0.02438  0.003113         0
   356/499      5.8G   0.01067  0.001712         0   0.01238         3       640         1    0.9474    0.9808    0.7656   0.02405  0.003144         0
   357/499      5.8G   0.00958  0.001704         0   0.01128         3       640         1    0.9473    0.9795    0.7702   0.02249  0.003168         0
   358/499      5.8G   0.01086  0.002031         0   0.01289         3       640    0.9472    0.9474    0.9795    0.7847   0.02248  0.003154         0
   359/499      5.8G  0.009486  0.001747         0   0.01123         6       640    0.9473    0.9474    0.9809    0.7736   0.02284  0.003133         0
   360/499      5.8G   0.00994  0.001977         0   0.01192         4       640    0.9473    0.9474    0.9809    0.7979   0.02279  0.003118         0
   361/499      5.8G   0.01031  0.001733         0   0.01204         9       640         1    0.9472    0.9836    0.8077   0.02293  0.003095         0
   362/499      5.8G   0.01028  0.001758         0   0.01204         4       640         1    0.9473    0.9795    0.7948   0.02297  0.003089         0
   363/499      5.8G  0.009761  0.001674         0   0.01143         6       640         1    0.9474    0.9773    0.7899   0.02291  0.003084         0
   364/499      5.8G  0.009855  0.001671         0   0.01153         4       640    0.9998    0.9474    0.9762    0.7982   0.02259  0.003058         0
   365/499      5.8G  0.009182  0.001519         0    0.0107         5       640         1    0.9474    0.9784    0.7833   0.02291  0.003047         0
   366/499      5.8G   0.00962  0.001648         0   0.01127         5       640    0.9999    0.9474    0.9784    0.7757   0.02357  0.003068         0
   367/499      5.8G   0.00898  0.001883         0   0.01086         3       640         1    0.9474    0.9808    0.7758   0.02249  0.003077         0
   368/499      5.8G  0.009056  0.001841         0    0.0109         5       640         1    0.9473    0.9822    0.7672   0.02267  0.003084         0
   369/499      5.8G  0.009189  0.001577         0   0.01077         3       640    0.9999    0.9474    0.9852    0.7477   0.02332  0.003098         0
   370/499      5.8G  0.009794  0.001558         0   0.01135         6       640    0.9998    0.9474    0.9852    0.7714   0.02318   0.00301         0
   371/499      5.8G  0.009423  0.001546         0   0.01097         5       640         1    0.9473    0.9852    0.7697   0.02251  0.002993         0
   372/499      5.8G   0.01036  0.001679         0   0.01203         5       640    0.9999    0.9474    0.9852    0.7888   0.02201  0.002958         0
   373/499      5.8G  0.009545  0.001578         0   0.01112         4       640         1    0.9474    0.9851    0.7892   0.02197  0.002959         0
   374/499      5.8G    0.0105  0.001855         0   0.01236         8       640    0.9999    0.9474    0.9836    0.8083   0.02209  0.002937         0
   375/499      5.8G  0.009989  0.001675         0   0.01166         5       640    0.9999    0.9474    0.9821    0.7728   0.02256  0.002948         0
   376/499      5.8G  0.009628  0.001649         0   0.01128         6       640    0.9999    0.9474    0.9808    0.7762   0.02219  0.002966         0
   377/499      5.8G  0.009303  0.001612         0   0.01092         6       640    0.9999    0.9474    0.9784     0.785   0.02256  0.002975         0
   378/499      5.8G   0.01053  0.001729         0   0.01226         6       640    0.9999    0.9474    0.9784    0.7908   0.02226  0.002987         0
   379/499      5.8G   0.01015   0.00164         0   0.01178         4       640         1    0.9472    0.9796    0.7803   0.02198  0.003002         0
   380/499      5.8G  0.009892  0.001433         0   0.01132         3       640         1    0.9472    0.9822    0.7957    0.0223  0.003031         0
   381/499      5.8G  0.009937  0.001787         0   0.01172         4       640         1    0.9474    0.9822    0.7867   0.02247  0.003039         0
   382/499      5.8G  0.009919  0.001615         0   0.01153         6       640         1    0.9474    0.9837    0.7634   0.02283  0.003032         0
   383/499      5.8G  0.009388  0.001891         0   0.01128         8       640    0.9999    0.9474    0.9836    0.8016   0.02216     0.003         0
   384/499      5.8G  0.008847  0.001538         0   0.01038         3       640    0.9999    0.9474    0.9836    0.7929   0.02201  0.002987         0
   385/499      5.8G  0.009812  0.001668         0   0.01148         3       640         1    0.9473    0.9835    0.7828   0.02243  0.002996         0
   386/499      5.8G  0.009399  0.001797         0    0.0112         4       640    0.9999    0.9474    0.9836    0.7823   0.02227  0.002997         0
   387/499      5.8G   0.00861   0.00153         0   0.01014         4       640    0.9999    0.9474    0.9836    0.7763   0.02219  0.003014         0
   388/499      5.8G  0.009574  0.001767         0   0.01134         8       640    0.9999    0.9474    0.9836    0.7664   0.02275  0.003062         0
   389/499      5.8G  0.009086  0.001418         0    0.0105         2       640         1    0.9474    0.9836    0.7664    0.0228  0.003082         0
   390/499      5.8G  0.009279  0.001811         0   0.01109        12       640    0.9998    0.9474    0.9836    0.7679   0.02217  0.003038         0
   391/499      5.8G  0.009961  0.001635         0    0.0116         5       640    0.9999    0.9474    0.9836    0.7698    0.0224  0.003016         0
   392/499      5.8G  0.009998  0.001753         0   0.01175         5       640         1    0.9473    0.9836    0.7731   0.02231  0.003001         0
   393/499      5.8G  0.009641  0.001815         0   0.01146         5       640    0.9998    0.9474    0.9836    0.7621   0.02245  0.002988         0
   394/499      5.8G  0.008806  0.001462         0   0.01027         3       640         1    0.9471    0.9836    0.7694   0.02209   0.00298         0
   395/499      5.8G  0.009174  0.001536         0   0.01071         5       640    0.9999    0.9474    0.9836    0.7724   0.02235  0.002957         0
   396/499      5.8G  0.009825  0.001571         0    0.0114         5       640    0.9999    0.9474    0.9822    0.7754   0.02232  0.002953         0
   397/499      5.8G  0.009659  0.001782         0   0.01144         3       640    0.9999    0.9474    0.9808    0.7691   0.02223  0.002985         0
   398/499      5.8G  0.009103  0.001516         0   0.01062         6       640    0.9999    0.9474    0.9822    0.7632    0.0223  0.002989         0
   399/499      5.8G  0.009028  0.001767         0   0.01079         5       640    0.9998    0.9474    0.9822    0.7645   0.02234  0.002976         0
   400/499      5.8G  0.009299  0.001673         0   0.01097         5       640    0.9998    0.9474    0.9836    0.7595   0.02293  0.002955         0
   401/499      5.8G  0.007591  0.001465         0  0.009056         2       640    0.9997    0.9474    0.9836    0.7584   0.02232  0.002942         0
   402/499      5.8G  0.008875  0.001706         0   0.01058         5       640         1    0.9474    0.9836    0.7681   0.02211  0.002944         0
   403/499      5.8G  0.009498  0.001659         0   0.01116         8       640    0.9998    0.9474    0.9836    0.7862   0.02192  0.002941         0
   404/499      5.8G   0.01023  0.001618         0   0.01185         8       640    0.9999    0.9474    0.9836    0.7706   0.02221  0.002928         0
   405/499      5.8G  0.009521  0.001651         0   0.01117         3       640    0.9999    0.9474    0.9852    0.7763    0.0219  0.002921         0
   406/499      5.8G  0.008178  0.001754         0  0.009932         8       640    0.9999    0.9474    0.9852    0.7549    0.0222  0.002911         0
   407/499      5.8G  0.008545  0.001543         0   0.01009         4       640    0.9999    0.9474    0.9852     0.758   0.02224   0.00292         0
   408/499      5.8G  0.008324  0.001464         0  0.009788         6       640    0.9999    0.9474    0.9852    0.7605   0.02224  0.002928         0
   409/499      5.8G  0.008961  0.001661         0   0.01062         5       640    0.9999    0.9474    0.9836    0.7745   0.02226  0.002911         0
   410/499      5.8G  0.007881  0.001557         0  0.009439         4       640    0.9999    0.9474    0.9837    0.7736   0.02211  0.002912         0
   411/499      5.8G  0.008921  0.001401         0   0.01032         5       640    0.9999    0.9474    0.9837    0.7809   0.02214  0.002895         0
   412/499      5.8G  0.008643  0.001636         0   0.01028         6       640    0.9999    0.9474    0.9822    0.7897    0.0223  0.002883         0
   413/499      5.8G   0.00942  0.001751         0   0.01117         5       640         1    0.9474    0.9823    0.7928   0.02228  0.002868         0
   414/499      5.8G  0.009334  0.001737         0   0.01107         3       640         1    0.9474    0.9837    0.7845   0.02208  0.002881         0
   415/499      5.8G  0.008341  0.001586         0  0.009927         5       640    0.9999    0.9474    0.9853    0.7667   0.02209  0.002889         0
   416/499      5.8G  0.009254  0.001775         0   0.01103         4       640    0.9999    0.9474    0.9853    0.7795   0.02218  0.002875         0
   417/499      5.8G  0.009049   0.00176         0   0.01081         6       640    0.9999    0.9474    0.9853     0.793   0.02178  0.002858         0
   418/499      5.8G  0.009311  0.001569         0   0.01088         3       640    0.9999    0.9474    0.9853    0.7929   0.02191  0.002851         0
   419/499      5.8G  0.009452  0.001557         0   0.01101         3       640    0.9999    0.9474    0.9853    0.7889   0.02192  0.002847         0
   420/499      5.8G  0.009114  0.001454         0   0.01057         4       640    0.9998    0.9474     0.987     0.777   0.02194  0.002859         0
   421/499      5.8G  0.008423  0.001414         0  0.009837         3       640         1    0.9474     0.987    0.7825   0.02174  0.002883         0
   422/499      5.8G  0.008464  0.001527         0  0.009991         2       640         1    0.9474     0.987    0.7962   0.02157  0.002911         0
   423/499      5.8G  0.008325  0.001466         0  0.009791         4       640    0.9999    0.9474     0.987     0.788   0.02183  0.002916         0
   424/499      5.8G  0.008411  0.001515         0  0.009925         7       640    0.9999    0.9474     0.987    0.7811   0.02186  0.002936         0
   425/499      5.8G   0.01001  0.001427         0   0.01144         3       640    0.9999    0.9474    0.9869    0.7971   0.02187  0.002949         0
   426/499      5.8G  0.008684  0.001484         0   0.01017         4       640    0.9998    0.9474    0.9869    0.7836   0.02197  0.002947         0
   427/499      5.8G  0.008494  0.001535         0   0.01003         5       640    0.9999    0.9474    0.9869    0.7827   0.02198  0.002919         0
   428/499      5.8G  0.008224  0.001542         0  0.009766         4       640    0.9999    0.9474     0.987    0.7813   0.02214  0.002891         0
   429/499      5.8G   0.00918  0.001437         0   0.01062         4       640         1    0.9474     0.987     0.764   0.02203  0.002877         0
   430/499      5.8G  0.008147  0.001641         0  0.009788         7       640         1    0.9474     0.987    0.7817   0.02175  0.002872         0
   431/499      5.8G  0.008648  0.001559         0   0.01021         2       640    0.9999    0.9474     0.987    0.7826    0.0217  0.002883         0
   432/499      5.8G   0.00955  0.001537         0   0.01109         8       640         1    0.9474    0.9889    0.7864   0.02147  0.002849         0
   433/499      5.8G  0.008809  0.001607         0   0.01042         7       640    0.9999    0.9474    0.9853    0.7803   0.02139  0.002832         0
   434/499      5.8G  0.007818  0.001418         0  0.009236         6       640    0.9999    0.9474    0.9889    0.7902   0.02188  0.002835         0
   435/499      5.8G  0.007783  0.001512         0  0.009295         4       640         1    0.9474    0.9889    0.7771   0.02199  0.002869         0
   436/499      5.8G  0.007713  0.001384         0  0.009097         5       640         1    0.9474    0.9889     0.772   0.02186   0.00289         0
   437/499      5.8G  0.008178  0.001448         0  0.009627         6       640    0.9999    0.9474    0.9889    0.7637   0.02197  0.002919         0
   438/499      5.8G  0.008525  0.001533         0   0.01006         7       640    0.9999    0.9474     0.989    0.7696   0.02146  0.002922         0
   439/499      5.8G  0.008968  0.001553         0   0.01052         5       640    0.9999    0.9474     0.989    0.7712   0.02099  0.002935         0
   440/499      5.8G  0.009031  0.001746         0   0.01078         7       640    0.9999    0.9474     0.989    0.7644   0.02127  0.002923         0
   441/499      5.8G  0.007721  0.001499         0  0.009219         3       640    0.9999    0.9474     0.989    0.7797   0.02124    0.0029         0
   442/499      5.8G  0.008831  0.001396         0   0.01023         2       640    0.9999    0.9474    0.9871    0.7899   0.02118  0.002905         0
   443/499      5.8G  0.007908  0.001392         0  0.009299         5       640    0.9999    0.9474    0.9871    0.7899   0.02115  0.002919         0
   444/499      5.8G  0.008312  0.001456         0  0.009768         3       640         1    0.9474    0.9872    0.7932   0.02114  0.002922         0
   445/499      5.8G  0.008907   0.00155         0   0.01046         5       640         1    0.9474     0.989    0.7976   0.02131  0.002911         0
   446/499      5.8G  0.008315  0.001446         0  0.009761         4       640    0.9999    0.9474    0.9871    0.8049   0.02126   0.00291         0
   447/499      5.8G  0.007228  0.001553         0  0.008782         5       640         1    0.9473     0.989    0.7847   0.02145   0.00291         0
   448/499      5.8G  0.008002  0.001604         0  0.009605        10       640         1    0.9474     0.989    0.7906   0.02144  0.002913         0
   449/499      5.8G  0.008774  0.001499         0   0.01027         3       640    0.9998    0.9474     0.989    0.8033   0.02148   0.00293         0
   450/499      5.8G  0.008089  0.001599         0  0.009688         7       640    0.9999    0.9474     0.981    0.7879   0.02132  0.002954         0
   451/499      5.8G  0.008007  0.001527         0  0.009533         9       640    0.9999    0.9474    0.9839    0.7733   0.02192  0.002964         0
   452/499      5.8G   0.00832  0.001283         0  0.009603         2       640    0.9999    0.9474    0.9871    0.7679   0.02217  0.002965         0
   453/499      5.8G  0.008041  0.001484         0  0.009525         6       640         1    0.9472     0.989    0.7813   0.02167  0.002953         0
   454/499      5.8G  0.007788  0.001629         0  0.009417         6       640    0.9999    0.9474     0.989    0.7845   0.02194  0.002934         0
   455/499      5.8G  0.009642  0.001725         0   0.01137         6       640    0.9999    0.9474     0.989    0.7735    0.0222  0.002927         0
   456/499      5.8G  0.007501  0.001435         0  0.008936         6       640    0.9999    0.9474    0.9871    0.7812   0.02228  0.002908         0
   457/499      5.8G  0.007943  0.001362         0  0.009305         3       640         1    0.9473    0.9872    0.7841   0.02194    0.0029         0
   458/499      5.8G  0.008533  0.001525         0   0.01006         6       640    0.9999    0.9474    0.9872    0.7774   0.02166  0.002907         0
   459/499      5.8G  0.008461  0.001451         0  0.009911         6       640    0.9999    0.9474    0.9871    0.7715    0.0216  0.002927         0
   460/499      5.8G  0.008062  0.001626         0  0.009688         7       640         1    0.9474    0.9871    0.7692    0.0218  0.002921         0
   461/499      5.8G  0.008073   0.00141         0  0.009483         4       640    0.9999    0.9474    0.9871    0.7682   0.02158  0.002921         0
   462/499      5.8G  0.008292  0.001494         0  0.009786         5       640         1    0.9472    0.9871    0.7676   0.02155  0.002919         0
   463/499      5.8G  0.007443  0.001449         0  0.008892         7       640    0.9998    0.9474    0.9854    0.7719   0.02141  0.002935         0
   464/499      5.8G   0.00854  0.001587         0   0.01013         4       640    0.9998    0.9474    0.9854    0.7822    0.0217  0.002928         0
   465/499      5.8G  0.007784  0.001307         0  0.009091         4       640         1    0.9472    0.9838    0.7855   0.02193  0.002925         0
   466/499      5.8G  0.007523  0.001108         0  0.008632         3       640         1    0.9474    0.9854    0.7761   0.02167   0.00293         0
   467/499      5.8G  0.006565  0.001291         0  0.007856         5       640         1    0.9474    0.9854    0.7812   0.02137  0.002933         0
   468/499      5.8G   0.00788  0.001476         0  0.009356         1       640    0.9998    0.9474    0.9854    0.7906   0.02164  0.002927         0
   469/499      5.8G  0.007952  0.001426         0  0.009379         3       640    0.9998    0.9474    0.9839    0.7857   0.02155  0.002945         0
   470/499      5.8G  0.007809  0.001412         0  0.009221         7       640    0.9999    0.9474    0.9838     0.763   0.02227   0.00295         0
   471/499      5.8G    0.0076  0.001373         0  0.008973         5       640         1    0.9474    0.9838    0.7682   0.02232  0.002949         0
   472/499      5.8G  0.007799  0.001579         0  0.009378         2       640         1    0.9472    0.9838    0.7749   0.02275  0.002934         0
   473/499      5.8G  0.008042  0.001528         0   0.00957         6       640    0.9998    0.9474    0.9823    0.7699   0.02321  0.002932         0
   474/499      5.8G  0.007428  0.001481         0  0.008909         5       640         1    0.9472    0.9823    0.7653    0.0233  0.002922         0
   475/499      5.8G  0.008339   0.00126         0  0.009599         4       640         1    0.9472    0.9838    0.7563   0.02344  0.002914         0
   476/499      5.8G  0.007638   0.00138         0  0.009018         3       640    0.9998    0.9474    0.9838    0.7696    0.0231  0.002909         0
   477/499      5.8G   0.00771  0.001478         0  0.009188         4       640    0.9998    0.9474    0.9839     0.772   0.02286  0.002919         0
   478/499      5.8G  0.007972  0.001428         0    0.0094         6       640    0.9999    0.9474    0.9839    0.7782   0.02227  0.002908         0
   479/499      5.8G  0.008173  0.001428         0  0.009601         6       640         1    0.9474    0.9838     0.774   0.02249  0.002904         0
   480/499      5.8G  0.007554  0.001564         0  0.009119         5       640         1    0.9472    0.9838    0.7471   0.02275  0.002921         0
   481/499      5.8G  0.007754   0.00143         0  0.009184         7       640    0.9999    0.9474    0.9838    0.7708   0.02274  0.002927         0
   482/499      5.8G  0.008501  0.001227         0  0.009728         6       640    0.9999    0.9474    0.9854    0.7746   0.02227  0.002917         0
   483/499      5.8G  0.007591  0.001351         0  0.008942         3       640    0.9999    0.9474    0.9854    0.7897   0.02215  0.002916         0
   484/499      5.8G  0.007558  0.001483         0  0.009041         3       640    0.9999    0.9474    0.9854    0.7831    0.0223  0.002924         0
   485/499      5.8G  0.007659  0.001426         0  0.009085         7       640         1    0.9474    0.9839    0.7828   0.02232  0.002925         0
   486/499      5.8G  0.007213   0.00141         0  0.008622         4       640    0.9999    0.9474    0.9839    0.7638   0.02278  0.002935         0
   487/499      5.8G  0.008244  0.001598         0  0.009842         6       640    0.9999    0.9474    0.9839    0.7679    0.0229  0.002925         0
   488/499      5.8G   0.00874  0.001407         0   0.01015         5       640    0.9999    0.9474    0.9824    0.7699   0.02257   0.00291         0
   489/499      5.8G  0.007463  0.001328         0  0.008791         7       640    0.9999    0.9474    0.9824    0.7713   0.02251  0.002896         0
   490/499      5.8G  0.007051  0.001593         0  0.008643         5       640    0.9999    0.9474    0.9824    0.7792   0.02293  0.002894         0
   491/499      5.8G  0.007521  0.001262         0  0.008783         5       640    0.9998    0.9474    0.9824    0.7737   0.02281  0.002901         0
   492/499      5.8G  0.007798   0.00147         0  0.009269         4       640    0.9998    0.9474    0.9824    0.7796    0.0229  0.002905         0
   493/499      5.8G  0.007742  0.001494         0  0.009236         6       640    0.9999    0.9474    0.9824    0.7887    0.0222  0.002909         0
   494/499      5.8G  0.008354   0.00153         0  0.009884         9       640         1    0.9474    0.9811    0.7791   0.02218  0.002919         0
   495/499      5.8G  0.007278  0.001451         0  0.008729         8       640         1    0.9474    0.9811     0.779   0.02198  0.002919         0
   496/499      5.8G  0.007844  0.001245         0  0.009089         3       640         1    0.9474    0.9811    0.7758   0.02192  0.002941         0
   497/499      5.8G  0.006929  0.001259         0  0.008188         4       640    0.9999    0.9474    0.9811    0.7901   0.02198  0.002954         0
   498/499      5.8G  0.008109  0.001641         0  0.009751         8       640    0.9999    0.9474    0.9799     0.777   0.02215  0.002959         0
   499/499      5.8G  0.007371  0.001427         0  0.008798         5       640    0.9998    0.9474    0.9798    0.7881   0.02208  0.002944         0
